"Lectin"	"1055"	"1061"	"1086"	"1093"	"1101"	"1121"	"1124"	"1125"	"1127"	"1141"	"1150"	"1152"	"1159"	"1160"	"1171"	"1183"	"1195"	"1199"	"1208"	"1225"	"cy3"	"cy5"	"prot"	"ref"
"7 LE lewis A"	-6.90031794178995	-1.49958878385055	-1.84658074968499	-0.471195270929536	-7.87217587927149	-1.20746937030245	-1.23951848142636	-1.06500613119449	-1.15551234384828	-1.19045698765494	-4.34055481333592	-1.24283458010862	-7.80372752655311	-5.80045852898306	-0.784380807258978	-1.13212659680515	-0.560092709770733	-4.79019379571935	-1.08044883447792	1.9683508394532	-2.60552492092671	-6.09522871330704	-0.679359450973097	-0.254716779825255
"AAA "	2.50412185560108	2.04437047207895	2.42397548601365	2.2643156386571	1.70888584321036	2.4762557874	2.08515950121706	2.29105729236648	2.32726184593564	2.07970836298624	1.72888370719191	2.2988066223618	2.23871627744258	1.68898912744771	1.68383288473788	2.05758891215361	1.61850170935585	2.0602028328472	1.35638135522225	0.391184043247505	1.42086657005762	1.83528385394884	0.625151592192379	1.90543462671079
"AAL"	3.24958597404506	2.5474336939268	1.84806028871136	1.97547579127559	2.22502303269657	3.01178136378681	1.9953968353284	2.81658244780859	3.10727157235195	2.57331703942894	2.64765907182404	2.64660946277437	3.07683072516374	2.7224196308139	2.21584953865137	2.42670617213435	2.95253591914521	2.57006318619198	1.92630306276579	0.59377205837022	-2.20062179878158	3.73962508454876	3.22562231896673	2.7824200026923
"ACA"	2.26260142960869	2.15061085118783	2.09494620981144	2.07151104086771	1.86197240774587	2.42236417555863	1.91428685465267	2.37683749798748	2.62698668712754	2.22984341402989	1.59780421762116	2.13176313910321	2.26171216098991	1.65167031595668	1.7366967685001	1.90919969129406	2.2032083608805	2.09555818170931	1.43083698467329	0.675260364848585	-2.89823647440841	1.60782635990382	3.09469237841974	1.97220877026266
"AMA"	0.263907949326041	0.0873717830646026	0.215145483591003	0.110729558827451	0.00186348649524426	-0.0533863413863731	0.158290101553742	0.385968487238554	0.217973296028335	0.0817716381082061	0.0334342501001501	0.128562191043043	0.253857199767886	-0.0423506509318266	-0.0839410889629324	0.162524884670137	0.224626017956664	-0.128591045304669	0.0394767804256677	-0.0338906294087504	1.28177096829903	1.00725149831859	-0.176010715805592	0.16049059815812
"AOL"	-0.707568506001595	-0.634717634359242	-0.382923075105952	-0.265446605852924	-0.795360281318976	0.159901695346082	-1.14265694217378	0.375035372833538	-0.109840485054297	-0.180806818589477	-0.187971712114742	-0.336520026974867	-0.327598782516455	-0.372481443700807	-0.772885167844071	-0.679749734998047	-0.546869317736241	-0.390927696647453	-0.523750185456529	-0.87871379213935	-2.12408795084583	0.262254695762707	-0.178557397915939	-0.267540818900418
"APA"	-0.234398016349244	-0.0795625742220825	-0.136987827013822	-0.0846017496648432	-0.409420259497992	-0.357716024648481	-0.364872616894706	-0.266240409190038	-0.322485863451224	-0.100678384070417	-0.354297181770651	-0.18501686549066	-0.0379185043662815	0.234850932573366	0.112584784299884	-0.564214326902102	-0.369550823334915	-0.361528653483482	-0.206115352791119	0.180152908768137	-2.25179518777773	0.356919516163471	1.27689817978206	-0.115543976138738
"APP"	1.22578389000183	1.00359790122398	0.836312405809297	1.04591761020754	0.864728623872248	0.986505013019601	1.02137863669355	1.20413786817264	1.0919737525018	0.973493834742284	0.699197205155127	0.814682272454128	1.01954282971696	0.815282383255726	0.561100489550306	0.860814330807278	0.826861363170341	0.870538949177321	0.783130961005261	0.603842080069217	1.76349366468597	0.449160420220097	1.65595668617321	1.02387527792262
"ASA"	-0.463744598962121	-0.36768981837155	-0.430200477096929	-0.317815559974608	-0.661695089839847	-0.977845379941024	-0.334443738324648	0.233917227155737	-0.563420378865819	-0.101483357660095	-0.148913675935673	-0.920906485221257	-0.547465439651401	-0.0719223430083522	-0.957185219603319	-0.111282342860183	-0.892260909987329	-0.743628140681509	-0.28123096221641	-0.412581184271573	4.44323439099315	1.66246830768842	-1.01509334529879	-0.811209621128612
"BDA"	-0.765475398776318	-0.449014250200519	-0.797245768295588	-0.501357241439789	-0.634744058038957	-1.1585597698215	-0.754846794688136	-0.0470097028023639	-0.446051301628417	-0.557198929279093	-0.236772172648829	-1.13114170945293	-0.806664075295877	-0.877920776348303	-1.35687934319241	-0.676354063065044	-0.601196250864142	-1.15298598726198	-1.14056982605637	-1.11798002824864	-1.90603555568737	-1.20815955999979	1.1141896716982	-0.892146700221292
"Blackbean"	0.454257854222519	-0.00473517900034182	-0.0802968453697144	0.636944723490409	0.0209861172677073	-0.351066267000054	0.233285053353097	-0.111710564570883	-0.254859294175658	-0.492802351906375	-0.198341074721956	-0.0609740811376991	0.2122470154442	-0.0270049341248324	-0.203233280158491	-0.00272547626962094	-0.101257859191049	-0.308043263914113	0.290549394620404	0.274821601957624	1.84785527615428	0.286522243115038	-1.3933491444178	0.19904203607825
"BPA"	-0.439304744138555	-0.0750483005879126	-0.131753402228339	-0.238189660536355	-0.423435136263469	-0.512635128952317	-0.166783133998749	0.246456772355032	-0.00483012492911961	-0.0712796876636421	-0.605546880125706	-0.250261142970023	0.21619768493866	-0.441425462642245	-0.172771466424054	-0.390746601028143	0.108321219732471	-0.643550019083053	-0.659894932985374	-0.672467570170939	-0.432568526831272	0.572667835565786	-1.10340176351315	-0.340511722222272
"CA"	0.682839449800216	0.612234653855607	0.175843273702027	0.73815941643196	0.168428102109056	0.0245974883531836	0.0309975057768828	-0.540577087742783	-0.0875524776471988	-0.8384716589114	-0.576825311945232	0.164049984158153	0.506189589237007	-0.157666150486749	-1.14581209390042	0.0195838310458587	0.0304941980257123	0.222426312033566	-0.33357159851324	-0.593138953488911	0.703943739226844	2.57418822251929	1.05536267137807	-0.106387051282816
"CAA"	1.08157064750436	0.410508317482742	-0.055988397121391	0.492001945472936	0.0306439236141234	-0.258535435019972	-0.419973901344852	-0.751381728249738	-0.511494103962258	-0.884232975515026	-0.565441926879807	-0.0488838692834417	0.384860920814244	-0.230574025750531	-1.37553102078668	-0.284913124991627	-0.448753320745062	0.182978959393427	-0.436107786692615	-0.574932772075902	0.373163152787157	2.29345235157572	0.768140081388145	-0.108082622847144
"Calsepa"	0.669464482905461	-0.103460183609855	-0.561116619044718	-0.018595174433667	0.0111126116435631	-0.731201372189622	-0.527250501558381	-0.363210398314212	-0.39050983142543	-0.71572183986669	0.0355052916160137	-0.160363531705997	-0.25554834420617	-0.35044397904762	-0.779703360439674	0.150285508351516	-0.482879011923432	-0.0215016450445411	0.231357237184382	-0.475515772422584	-0.581848656744028	3.15114381100279	3.68271133609769	-0.278193794086164
"CCA"	-0.619031831096851	-0.431400906175917	-0.830790307156739	-0.61573291384734	-0.787019504603938	-1.0636335977288	-0.663489105475215	-0.721051730403966	-0.95154387846562	-1.14549309933075	-0.740346513218642	-0.680798476394232	-0.872898876338078	-0.329372770578131	-1.08475136495321	-1.04716626250794	-0.581945976440801	-0.866990902665495	-0.560868855213723	-0.736029320960263	7.02819688882891	0.101168497857039	-1.31785843047137	-0.91630056252405
"CD15 Ab"	1.39756407000358	2.16302465274621	1.32820584796719	0.285760101040013	1.654505980775	3.24674697284408	2.12046356551305	2.98054612838803	3.12843920100025	3.31716849437058	0.356105698432435	2.24665830449871	2.58402342796894	1.45464433376018	2.33415527457392	2.26465684579879	2.23989815846508	2.68102612875143	1.43790147854336	-1.10473391759803	-1.78558433557011	0.481096442469828	0.557877921133876	1.80311967556586
"Cholera Toxin"	-0.368612486428349	-0.680645887074315	-1.38275088549433	-0.655619842066963	-0.61809043016518	-0.730732125793439	-0.525967927402133	-0.345881849870075	-0.882938458066098	-0.839372969295086	-0.893943773824175	-0.623997213905239	-0.265504967756852	-0.56292112614819	-0.662710974305243	-0.522152207961236	-0.455044023343236	-0.605320309292695	-0.26147482915348	4.01108355123151	0.154752779045124	-2.02294003773007	-1.3068716153007	-0.734088921057976
"Con A"	0.15550291321399	-0.098097708881598	-0.329810838360443	0.0718483569307384	-0.149683234763522	-0.39780634081359	-0.249882438870365	-0.301626913487439	-0.692275756363625	-0.608717487628525	-0.420303149915576	-0.000166347553605561	0.0346914951514634	-0.11367032534949	-0.423971511157159	-0.0691603714102715	-0.530686440254934	-0.320313113564954	0.0703760679406606	-0.052429131414919	0.177889813951578	0.21212380091825	2.87204263220406	-0.200868744276578
"CSA"	-0.828600212634148	-0.94116132062654	-0.87416440848208	-0.609756101462514	-0.770439188963874	-1.30008731009391	-0.774184841778289	-0.564577141285623	-0.77084849361295	-0.639384855248351	-0.876545354730261	-1.13162235450328	-0.601760055805139	-0.643638408368005	-1.18409289046834	-0.882060323568834	-0.639503360140549	-1.0554136648733	-0.740421323983949	-1.02212001258626	0.421242821132085	-1.41529989758896	-1.03204494142596	-0.928677088675489
"CVN "	-0.173270510758607	0.456694215003857	0.00570649734017792	0.0304749678013287	0.633852322969593	-0.246503067893116	0.0379743675438267	0.864928851311706	-0.245596941048053	-0.213485721422655	-0.488891905003968	0.167236376571795	0.115271013201443	0.0197417940878637	0.0569477198416486	-0.283360047600286	0.0391698982341708	0.340059643013937	-0.205034323212006	-0.360710337215152	1.69241082075303	-0.959736219972442	-0.190344533628548	0.720776502692656
"DBA"	-0.542396560189934	-0.784605718316359	-0.703986247419799	-0.520457737858063	-0.736248514987406	-1.26136237829765	-0.823287191805623	-0.981007145084524	-1.21732835161624	-1.3471824913424	-0.948152653017261	-0.857736012902588	-0.546159162045289	-0.938140471498088	-1.20131135922105	-0.661163682791173	-1.05275543459714	-1.57151201852598	-0.689298923973762	-0.898720497552428	-3.78498837189892	-2.8288810788264	-1.21063133600721	-0.767928277391222
"DSA EY"	0.360866274305531	0.830635050127071	0.62151598961072	0.543846764042518	0.731038326005889	0.750302394487403	0.428470684358269	0.179359063030351	0.881657448742265	0.409399387353524	0.207157907661557	0.71353029108205	0.859404764523378	0.354176416681465	0.282768493738908	0.655642731425331	0.42286142724887	0.584368353577777	0.449052967034346	-0.226366618969626	1.14105022986153	1.18576049056853	-1.37290276484818	0.512041906180105
"DSA frid"	0.377342062494526	0.769481377175393	0.422305280545066	0.542087149368806	0.530616304577726	0.500635305788868	0.164684550600943	0.614525790396701	0.679428410086448	0.298800999146282	0.441633248677377	0.705250650653849	0.781933785051597	0.248356925217355	0.204916191259437	0.389667350402055	0.362121619668073	0.391110911943445	0.378399759339729	-0.121695443856262	0.508869855612642	-1.60146073243891	-1.43548730227696	0.509048873684666
"DSA fro"	-0.0469768145749896	0.73124476783134	0.993436078796181	1.00543460788076	0.838373097098769	0.771902668269272	0.75591930556404	0.887018354083391	1.13784659888354	0.757801941760867	0.60555783604004	0.858055863780661	0.963002083076429	0.627073377441699	0.654642549215467	0.941638586007569	1.06604793784263	0.824070015882798	0.630759993358803	-0.496760334402413	-0.860098142130403	-1.03067216656448	-0.19200173566155	0.581784487891865
"e1"	1.41596357192258	-0.933515468122817	-1.54702046782608	-0.3557180535096	-1.22831968949677	5.43638681947228	5.40433770834836	-6.12389982024806	-1.15551234384828	-1.60549450496748	-1.11173612734846	0.2490185252379	-2.57490883605723	3.04984854935674	2.78040381355651	-5.90151365554832	-0.268364851854288	-0.658543769205274	-2.78088855261901	1.89796151603258	-2.06456024920555	-5.44300046681026	-7.32321564074782	-0.254716779825255
"e2"	-0.25646175201523	-1.25370800892651	-1.14184263737522	-0.0956861319381543	-0.491354095330561	-1.20746937030245	0.193440940276693	-1.06500613119449	-1.15551234384828	-0.626556097203713	-1.11173612734846	-1.24283458010862	-2.15987133677839	-1.27207954553062	-0.784380807258978	-1.13212659680515	5.12885137175206	1.07249699100383	5.56340735529681	1.1044123935	-0.548436624812389	-6.74970726152572	-7.32321564074782	-0.0476475161948304
"e3"	-3.57838984690259	-1.78340475123199	-1.20339733153504	-0.746829713542964	-0.450712090223285	-1.20746937030245	-1.23951848142636	-7.70886232096922	-1.47744043873564	-0.92742258182115	5.53212006242626	-1.24283458010862	0.139688960686595	-1.27207954553062	-7.4282369970337	-6.19102028585872	-0.269892322440343	-0.936574000734743	1.41140424381807	5.71174270724961	-2.24792751344359	-4.5534040693885	-11.9670718305225	-0.884132878024263
"e4"	-0.25646175201523	-1.1251932684802	-1.55132055794915	1.24501176306987	-7.87217587927149	-1.20746937030245	-0.97648410444647	-6.70886232096922	-1.15551234384828	-1.19045698765494	-1.11173612734846	-1.24283458010862	-1.74483381946586	-1.27207954553062	-1.2904878865015	-1.35451901519732	-1.51500481802266	-1.65854377157035	-1.26304024725195	1.88762861892631	-4.83229675394447	-6.67252913543858	-9.62129699604589	2.69083543545877
"e5"	-2.81285510053962	5.51866292129453	-0.743965669125059	0.265770319629932	1.49960074975481	-1.20746937030245	0.622977978101554	1.16150240438497	0.829380765280142	0.195601440118764	-1.11173612734846	2.81605910894495	0.608803118683302	5.3717766442441	3.53754728762838	5.09669212975811	1.82813976382746	-1.41935610532585	4.56340735529681	-3.88220975826271	0.606928097325492	-4.32489351734352	-5.49032564461677	-0.283285929136635
"e6"	1.71929070418334	-3.16958742390603	-1.33337409332726	0.236623974632878	-0.0059272887702484	-1.66690098893975	0.345444019294792	-1.06500613119449	-0.236130810329147	-0.705030160484702	-1.11173612734846	-6.88669076988334	-1.15987133677839	-5.10858081324774	0.240281244445726	-1.13212659680515	-1.51500481802266	-1.26997848102961	2.90044235016751	-4.50050086383925	-5.30817018968944	-6.80748902392567	-2.98336560179582	0.349354553410953
"e7"	-0.25646175201523	-7.76904945825492	2.06796196466585	-0.793123365816898	4.41553650027796	5.43638681947228	-0.654555980705208	-1.06500613119449	-0.640124318951846	0.530567064227619	-1.11173612734846	2.89852126065048	-1.55218876857399	-1.27207954553062	-6.4282369970337	-2.19625692738204	-6.83693291291003	0.374193017206725	0.70382246981279	1.1044123935	-1.77054490003859	-3.75454595065375	-0.679359450973097	0.647986009192138
"e8"	0.496898278724905	5.51866292129453	-0.703323711162997	-0.717355856521381	-5.64978344763008	-0.844899270307811	-1.05310536217029	-2.89789615437608	-2.66452599133613	-2.19045698765494	-6.75559231712319	-4.56476267499598	-7.21876502583196	-6.91593573530535	-0.784380807258978	-0.909734196078629	-7.15886100779739	-2.47380388934822	-0.828910064596563	4.47722165667534	5.19631965133313	-4.70898711826196	-5.41632500907193	-3.78309574663122
"e9"	2.51292530672794	-1.35817043971416	3.98334973974536	1.20687662877299	-0.228319689496766	-0.594492496349309	-1.01003664452163	-0.250561789325381	0.12459560444083	-3.123342778681	5.53212006242626	-0.979800203128725	-7.06676190353301	5.3717766442441	-2.07388741789626	-1.64669977581788	4.5438888710309	-1.11703256749291	-1.36652699219487	2.85749765140848	-0.795625242023033	-5.41977750999296	-5.83061715601253	-0.335018406997203
"ECA"	-0.16761812093139	-0.112894679952404	-0.558242234507508	-0.0154104445699179	0.0767505737544205	-0.852002949866442	-0.553516662543664	-0.311289172738963	-0.675582414954283	-0.593948087139877	-0.174510396197235	-0.432070956927301	-0.382170455250078	-0.728956942756001	-0.700923622584849	-0.209281557691636	-0.0444965352503051	-0.526326770810112	-0.842095511922698	-0.634986865564027	-0.0525658918294827	2.53937607501581	0.722865141131344	-0.526486270000039
"EEA"	-0.0438076309003783	-0.266117500552602	-0.415288470832875	-0.233778592580435	-0.274735858321563	-0.77045853581736	-0.493182842031777	-0.903679269026256	-0.552573158869402	-1.05886010493657	-0.948843696767861	-0.181191489664748	0.117149741343226	-0.333304888801571	-0.858305837070416	-0.351006673032705	-0.398334797630278	-0.465799397739985	-0.256499018069984	-0.148644202678057	3.17836098696771	-0.155431315624705	-2.48546642683649	-0.299297982765749
"EEL "	-0.141597794987586	0.0340431690900598	-0.376180468694708	-1.54564522005893	1.6195473089008	-2.21215837468638	-0.45185936070968	-1.76148624987359	-0.886521653907753	-0.944462485154904	0.557107013247199	0.32877515768752	1.37489992737616	-0.514091724653401	-1.56687321737144	0.300493871251442	-0.0318601347174337	-0.44259157366567	-0.112773588069375	-0.893243666265902	-2.15512833277929	1.11607763888776	-0.573145154882129	-0.744586031516222
"Galectin-1"	0.589951983296281	0.46430458644161	0.509718752295832	0.690811516021132	0.184847822429032	0.167629383947359	0.404653017131038	0.737727232776424	0.59355985309421	0.894332100177464	0.451004327855675	-0.0596127560528483	0.261340959540396	-0.175506286649928	-0.350951389980278	0.405448401386226	0.0823281338197308	-0.101644049365747	0.477675620786719	-0.192080654841529	-0.0950780190522664	-1.78457996669979	-0.300231423139749	-0.0766473127983396
"Galectin-1 His Tagged"	0.0085330279932645	0.328264449112465	-0.155690450593386	0.0930418051683102	-0.168664884405354	-0.247448808496521	-0.0399167440746941	0.26558104599438	0.456893553278712	0.200530149611231	-0.23038062384708	-0.267925560619195	0.130035085058447	0.169853181001613	-0.431412726437108	-0.167588341804367	-0.423699910658494	-0.406569949729745	0.22039899305307	0.0503357202617032	1.37732415380525	0.111714225936505	-0.122725673392174	-0.379279345392872
"GHA"	0.328500748705926	-0.854423215569066	-1.66127289821226	-0.471195270929536	-3.7022508720584	-1.87884661948597	-0.824480974934044	5.57885005858023	-1.15551234384828	-2.26845949206309	-1.07856926673024	-1.72604358424857	-0.248408013206243	-1.89871122527358	-0.974483688606956	0.521697760838189	-1.51500481802266	-1.00431860153858	-1.39239283581785	-1.8955876470758	-1.64519249314912	-3.14675901558655	-0.679359450973097	0.745283220174745
"GNA"	-0.155137042053354	-0.464810210727551	-0.680507087638512	-0.136715859051574	-0.953268318887755	-0.780321963360588	-0.771508707532389	-0.473305201572911	-1.0697973022961	-0.34161553551712	-0.558168822902839	-0.753088512032065	-0.908332569855473	0.197677099740098	-0.295045190048942	-1.02775397697281	-1.55178760700014	-1.5665928195344	-0.761651157122115	-0.396511353808292	-2.11980664493411	-0.180000439290615	1.21133943276263	0.195456581897238
"GNL"	-0.364182951303009	-0.681406830719737	-1.15499513776643	-1.27788253204693	-0.827754906257354	-1.03171032753854	-0.934239515409693	-1.16507806286712	-1.53641296967695	-1.32089629275444	-0.674349801742936	-0.828547117259919	-1.0278078873252	-0.843132072244551	-1.25152282995597	-0.595660605841902	-0.917549095967901	-1.03137273024035	-0.284021858129245	-1.2353723659684	1.27628095578466	-1.12818826730868	3.33510296884641	-0.850496637462593
"GRFT"	-0.424617277697205	-0.947869941344837	-0.85796539641159	-0.547794878381151	-1.2290699453238	-1.22249684346735	-0.934206583813063	-0.306564119762351	-0.690811589235784	-0.747638692663164	-0.857924423677954	-0.99953678961343	-0.923609710750839	-0.607523721213214	-0.833664616985558	-1.05028830474839	-1.36409778110388	-0.633187982210911	-0.8528998471092	-1.11800546566653	1.38900208135624	2.99436195553083	7.41489421604181	-0.864404026844042
"GS-I"	-0.216410804767534	-0.102076028959787	-0.360676545182126	-0.138619931967465	-0.214908770339888	-0.478531372806071	-0.284230130232756	-1.29128198662303	3.16641575103909	-1.19045698765494	-4.27496647688779	5.40102160966611	-2.32979632018701	5.3717766442441	-0.977025865879566	3.92676709224842	-1.51500481802266	-1.51975800349603	-0.800340914375922	-0.456302556206247	0.642044839742447	0.438203456280708	0.560330196552457	-0.45200998368564
"GS-I EY"	-0.468407385832684	-0.337525652004263	-0.284885939131284	-0.225370154985406	-0.372490792860655	-0.497427860599988	-0.304863719883397	0.0256531820662733	-0.23351485564433	0.0267737285657264	-0.269115875354558	-0.732469562971627	-0.354901035374472	-0.240519333077946	-0.605211961573046	-0.425173571868582	-0.368902326017298	-0.680872683213782	-0.239957219974894	-0.175346247021158	1.08634646047405	-0.319474815783609	1.56344360678213	-0.578801907321107
"GS-I old"	-0.737318998052674	-0.396603285549368	-0.342267566438187	-0.199143082711835	-0.489974185913939	-0.540960521117358	-0.319725372865522	-0.0662397310101905	-0.139067592900459	-0.167816147839196	-0.222866939129243	-0.462839193334568	-0.28094257044822	-0.114714691164808	-0.580166036423863	-0.164957989272518	-0.399234816102909	-0.531285174112885	-0.161285765897686	-0.594506297012313	-0.372682544354462	-0.725295249724512	2.13890613374921	-0.601716035546488
"GS-II"	-0.80252290168805	-0.723296869263177	-0.78202945158687	-0.341394942637375	-0.585330243817015	-0.852804488665218	-0.726505822194305	-0.576747713524527	-0.739568913950257	-0.807599894396433	-0.612080938906669	-0.681718821341831	-0.458838283370902	-0.487092435799942	-0.995377947901927	-0.388745450558927	-1.15570245214546	-0.873742272403992	-0.598088310574715	-0.574526254042961	-1.58918709325693	-2.21519739106889	-1.84208895101121	-0.854629622012383
"HAA"	0.974110849655347	0.487583836651847	-0.607518002165165	0.390547643182577	0.738037466642869	0.908386556934833	0.458058177361574	0.860729001240001	0.248152756633791	0.629495526203753	0.290301485225092	0.686329295078921	0.741780130051801	-0.0598656272643421	0.345762852167269	0.831163474693957	0.63337323884754	0.731437036111046	0.417245035808417	-0.520078471230556	-3.99271459733019	-0.812274085573505	-0.923490270161289	0.480273703144979
"HHL"	-0.351032606900372	-0.681320330673941	-0.929292716474309	-0.693778689160537	-0.937031495821014	-0.955180460468123	-0.450148303940841	-0.805943447317121	-1.31009705754364	-0.822572275378493	-0.624652877789417	-0.864274347761127	-0.979013380701966	-0.762706240333554	-0.886742524888655	-0.563493243891559	-1.04507287997346	-1.09158949558045	-0.994261785840902	-0.594970017858047	-0.555110194110954	0.963372903820052	4.38800156918977	-0.776854425882531
"HPA EY"	-0.482434063627479	-0.543505899791904	-0.518583820663116	-0.652945707768639	-0.5702178070519	-0.763442658837823	-0.990712955239722	-0.0367007618094686	-0.340456711854896	-0.514559453429006	-0.650432094636017	-0.338269037632499	-0.43654835039951	-0.605775511740982	-0.732971780267326	-0.105654385563187	-0.280023354717324	-0.384867728507693	-0.83221803204152	-1.53788328033752	-0.364120531064454	-1.10793976669602	-0.434066627445429	-0.755546191895331
"HPA Sigma"	1.03641832616052	1.12219477401169	-1.535469560992	0.795947429206503	1.2260606282943	1.92350967499278	0.749930605004826	0.743574321861708	-1.45036228211757	0.746132513525827	1.73480988087417	0.924464269244606	1.30085825319332	1.42411191048549	0.958562374417848	1.16252544280408	2.11749263334536	1.58367704358388	1.32577710111781	-0.566304254097453	2.2097442568742	1.26506822112704	3.15610149907162	-0.222302306713964
"IAA"	3.27776815266277	4.54335385887402	3.81430390665447	3.75860043411644	3.71630329418331	3.80441064544627	3.18855598877225	4.01944656514372	3.75223844970767	3.47550382864305	2.86347276926955	3.47083217760629	3.14534891075669	2.51053176920066	3.02445792165473	2.70559058176024	3.14058656418728	3.86716665342522	2.42318908598723	1.97848281155522	-0.724781020631617	2.55508572103352	0.0524739860661785	3.36020968364069
"IRA"	1.70694750035091	1.13147191162143	0.980018127851583	1.39907079951238	0.733847909825551	1.16258867126939	0.867675436352931	0.543356153300756	1.2586931034157	1.23364599513725	1.12366060460252	1.0425609263226	1.03038223887607	1.29483378766585	0.918041486240719	0.732787901159259	0.518436216293301	0.514667484315197	1.14740612097943	0.534400234244817	-4.18879141585032	1.16320645631551	1.93509635484819	1.43763034384754
"Jacalin, AIA"	0.0786325096171474	0.396336636539083	0.136674602525932	0.00467799525894108	-0.172283239909394	0.132213767582883	-0.0478447861938864	0.837183649229599	0.481978551589968	-0.467356081103453	0.380980985235539	0.0850079390447274	-0.193223695024994	0.491793949010836	-0.157236474202557	0.0465441988684852	0.0635743541274945	-0.0116073163126433	0.172684104922777	-0.16162803989932	-0.17147545312206	4.2228140977701	1.69741429798598	-0.119465485252119
"LBA"	-0.376599375133119	-0.805503645660824	-0.552964080284227	-0.52332411724987	-0.468191062711242	-0.858482263244019	-0.37839230292778	-0.430396149391223	-0.97057030676524	-0.818317446958954	-0.74054681245169	-0.811951044747805	-0.302682144328655	-0.642803144120469	-0.61178319580617	-0.525194882616459	-0.29946606762995	-0.775976918617832	-0.369876058302616	-0.704363203968196	0.469587988533002	-1.09152949574585	-1.08959596398812	-0.499997492707653
"LcH"	1.02060579553529	0.751217184281986	0.116134164079689	0.70486622841619	0.826234829353814	0.456220193506462	0.135480108154235	-0.113223441111771	0.300738123631934	-0.198108224068509	0.347969372867743	0.771021213632229	0.511151459745065	-0.0877461068489112	0.121213419738417	0.388893993981821	0.565711966574979	0.600615817941167	0.428404234551149	0.123868345335611	-4.32676083183499	4.93934483946131	4.77498097377939	0.745553059328598
"Le X P12 SCBT"	1.09429902485582	0.791228778920756	0.468523278680839	0.481046579092247	0.917022362249729	0.830593241044363	0.730722597543632	1.30759037458801	1.18545819867805	0.466839902200094	0.447975696484844	0.741442449823657	0.989138612354677	0.414797101136062	0.315644496595537	0.720253867264737	0.952037474905862	0.812861324824086	0.397598462485265	0.562810932937489	4.44323439099315	-0.276728645074108	-0.940679234862471	0.712608526917766
"Le y Ab"	0.51962959402775	-0.275247006331211	0.004571963367761	0.37311573299046	0.323406481990805	0.20582469056112	0.239718132076147	0.799180013459786	0.420653208854977	0.472088454018756	0.275243114987129	-0.0184843690282595	0.440597750210276	0.36710946681484	-0.118043741494736	0.17668913533339	0.142704469303695	0.0776704900953957	0.0077013135989219	2.52659025186739	0.732008115866436	-0.15923941764501	-1.09314297481515	0.237655137502895
"LEA EY"	-0.498108729920511	-0.184306362148424	-0.686167596820304	-0.238749184727389	-0.301076031932081	-0.622506869873336	-0.450063772387419	-0.12211676755793	-0.533737177796211	-0.518576916565503	-0.433851694490357	-0.545555202545167	-0.0831054456628779	-0.274753679828946	-1.24399331641118	-0.225236001478406	-0.411706193254564	-0.600666113725188	-1.13954934686995	-1.26048573900103	-0.801237561940588	-3.25247856143881	-1.90692634538464	-0.617594502399646
"LEA Vector"	-0.160182202875729	-0.0815117670349466	-0.0909976026084927	-0.286523862839369	0.459427276607293	-0.465194864884145	-0.185827024992049	-0.150390242355718	-0.130138473542623	-0.173619637893884	0.357547760679047	-0.41425829561647	-0.0190789931219228	-0.393977155822094	-0.27419818838869	0.189067115250939	-0.132071336794482	-0.279939192647054	-0.391497160157009	-1.75688133566841	-1.18399206229677	-1.77052953583947	0.637429920615292	-0.209058062899825
"LFA"	1.01560884806468	1.57772995140393	1.75045926895218	1.30960948992854	1.46846686370233	1.77451279463879	0.906803989215174	1.86495509269739	2.05263382763431	1.650845266326	1.20065570510919	1.56544013480188	1.56143403207308	1.06837983224834	0.990951226675811	1.5378439291225	1.38636173134395	1.71570058632212	0.645742288137372	-0.457740223177034	4.44323439099315	1.47993404965862	0.299934263097664	1.09396382852202
"Lotus"	-0.613635344817141	-0.854729454297383	-0.619848170869881	-0.254000053350902	-0.678740066962613	-0.531045318071293	-0.418715749732307	0.022915363418206	-0.461151105471247	-0.415416939346184	-0.266009394588467	-0.537470983451128	-0.240172965053032	-0.190137931994444	-0.486166950941952	-0.498638387835697	-0.535869337700566	-0.743206512152136	-0.562742772163197	1.02898161029999	-0.107345118704806	-1.63770029162618	0.232584379995195	-0.363498970356094
"LPA "	2.81242314900128	1.76583183801475	1.04111149914584	1.71781724820892	1.83925645250314	1.66672954031794	1.73833224130588	1.90741986353365	1.69210040736235	1.65594738350323	1.58947139019388	0.850261070729967	1.73727128226634	1.57395352278598	0.713464694963276	1.33956546380718	1.30190792735658	1.25681780473622	1.06986576130078	0.518072618172204	1.33470995224867	2.28110252405786	1.99564578215664	2.52565836407964
"MAA"	-0.765321273650595	-0.505254629958613	-0.423371390071287	-0.504523447342402	-0.979575941213366	-0.871516501050992	-0.544958453935014	-0.340921828001545	-0.58577631753709	-0.766649278748368	-0.296160697580925	-0.860501246399962	-0.683633681523732	-0.263748270104734	-0.959424974372706	-0.528386888423365	-0.694094879134433	-1.04951802558302	-0.625755135665441	-0.427110846948152	0.984888894273775	0.401677591075807	-0.957476451496598	-0.879207644962412
"MAL-I"	-0.478273494919314	-0.311205254090147	-0.383671150511553	-0.229881061749984	-0.443217574394412	-0.613006898012723	-0.357644582288471	-0.322615938205496	-0.737293597165865	-0.707877897704334	-0.666846509732666	-0.470463649811214	-0.339619420706343	-0.234526799796043	-0.74284068475966	-0.466186953930027	-0.281297083297366	-0.588592962329547	-0.0521042087839563	-0.00162924301501555	-1.87017531962143	-1.2619822617888	0.928266769872391	-0.553683726269307
"MAL-II"	-0.796542654177301	-1.08934806953348	-1.48323848494357	-0.692826977714862	-1.36158622036023	-0.868667456850689	-0.637799752716709	-0.865068559956367	-1.00442845748997	-0.850810787511857	-1.15364307938611	-0.900500274883621	-1.19981008190234	-0.397610427959623	-1.11277839707065	-0.784674994171851	-0.511606241901858	-0.745856930003034	-0.417752155064441	-0.202248942601511	-1.75316282115458	-1.45644351779482	-1.04192953040933	-0.965896996749832
"MNA-G"	-1.45285896219565	-6.76904945825492	4.16292489221945	3.85073282395783	-2.22831967403932	-1.0081605667329	-1.2863126929559	-1.06500613119449	-0.418546749682069	1.06108177934102	-1.11173612734846	5.40102160966611	-1.15987133677839	-1.27207954553062	-6.4282369970337	-0.347855285533656	-1.79677578677046	-0.156321699492054	-1.99983036799705	-1.45198095502438	0.849053360242615	-2.70312634836585	-1.01943485695989	6.38913940994947
"MNA-M "	0.33683082921012	0.291277232912144	-0.197691749744585	0.210826875882914	0.181566892413324	-0.18809991298202	-0.0939507682718776	-0.346437274739987	-0.130381628521835	-0.402104542907939	0.0291124315714129	0.0645605670492522	-0.0732480133465039	-0.341221356640339	-0.249211359692005	0.052047032980445	-0.0683930093731551	0.0943186795735933	-0.0140153112010708	-0.388525663612407	1.48903807746492	3.16262145487124	3.98866165560246	0.216869140353865
"MOA"	0.0564146043263314	0.0938401405265168	0.0309254644996582	0.520082720983531	-0.0152947091182458	-0.158045179121199	0.0863353166747984	0.314538663905672	-0.111512134479836	0.1155594903683	0.127250966140897	-0.0167417528250624	0.189785423660314	0.30560829132648	-0.141134029220716	0.233603823337297	0.0731650437150808	-0.0436162312370705	0.283779832877917	0.0586994197455155	1.21512831903254	-0.84200276667324	1.11557621183044	-0.262443222194666
"MPA"	-0.596192411177093	-0.113623053476674	-0.398080689327056	-0.501598579986982	-0.643798559894567	-0.493705008445996	-0.503729600033331	0.197055198933295	-0.18715859018301	-0.700595001549052	0.0848605009754699	-0.633456305138523	-0.349706734244553	0.0873866610978844	-0.511179038603712	-0.463627681848543	-0.751093769364877	-0.809660762400242	-0.448618140951865	-0.907646190408467	-2.52695140740454	3.0538003714382	0.1364095973388	-0.582617535973606
"NPA new"	-0.126100205908736	-0.0261242134751019	-0.436045626885436	-0.814207971684901	0.480541992914032	-0.926048583944491	-0.60547998904344	-0.317230261274467	-0.181925448922486	-0.414175618669114	-0.28330858549195	-0.167902757781548	-0.0506560627505532	-0.454729818664298	-0.561496921048652	-0.290846257477476	0.170651682420212	-0.87139859556725	-1.07205674387765	-1.3894770915386	-0.0139341709342853	-0.0824086041764893	-0.34080405315247	-0.52095074486081
"NPA old"	-0.25772182640749	-0.861529185619117	-1.64108671428285	-1.35938744927367	-1.01525273258165	-0.83767165958478	-1.18125958787516	-1.70444579067236	-1.24339524477963	-1.90910144510777	-0.874125852766756	-0.689820723193229	-0.759106193211172	-0.853722552837716	-1.61749582257649	-0.960734696364176	-0.989036364258556	-0.887806964053345	-1.0736939660883	-0.967455630032429	-4.14512889170225	-1.32604135395426	4.11894139199201	-1.55947508318039
"PA-I "	-0.315975821783312	-0.334288867203189	-0.462434936136889	-0.857401285700908	0.145682264263925	-0.839109202907617	-0.686905947842023	0.145139229588329	-0.599038399683828	-0.280990681066482	-0.235963879638727	-0.783869777281102	-0.0927571409198533	-0.423021443605361	-0.57691938655602	-0.214119969002455	-0.039475558024054	-1.49582524386214	-1.06266289482697	3.02564310214007	-3.58776707003481	0.896283832783443	4.16373108342943	-0.968868570310423
"PHA-E EY"	-0.250961573527928	-0.165891642326947	-0.599688096279166	0.00381494029536711	-0.206293383166766	-0.623727940422592	-0.3307912271085	-0.0851389593426592	-0.779093316531941	-0.525773457986642	-0.550994033725704	-0.676966025378546	-0.154961422408947	-0.315424050335656	-0.734807746049166	-0.341560745148101	-0.341756308603124	-0.527680329111551	-0.203430334526709	-0.283130214298061	1.04428387820887	-0.536943707898387	-0.966082597914765	-0.625984368951571
"PHA-E Vector"	-0.10053623958048	-0.455894977427304	-0.667142872416596	-0.0958951032851694	-0.291793340901366	-0.69774773598699	-0.408863907364273	-0.441486105037916	-0.503683440617937	-0.691587897645347	-0.392100411720172	-0.539053189100716	-0.36401205348648	-0.28687654753155	-0.77086248308358	-0.209279845674887	-0.23439778274092	-0.212303603712865	-0.403289326144199	-0.701432959263484	0.0304528512277229	-0.100216427284443	1.18343354879143	-0.310341228791414
"PHA-L EY"	-1.0597698412417	-1.01884128767403	-1.07435535941526	-0.798965933657544	-0.869152193823112	-1.0049765064037	-0.831860512513118	-0.547947694975141	-1.11282594516734	-0.705785300916716	-0.568114422200128	-1.17870424360535	-0.878525052141122	-0.442809847326151	-1.25281456338477	-0.787478425778374	-0.72741315078649	-1.11051800941354	-0.790942217282933	-1.07835295408097	-1.20473789694884	-1.97342741549834	-0.940471544579811	-1.08975015352981
"PHA-L Vector"	-0.597381667920071	-1.11874977822556	-0.955065650030361	-0.474515629387357	-0.89432793975894	-1.04868309597328	-0.535578491155772	-0.929213264930702	-1.17292939692569	-0.718983542561897	-0.784955667474817	-0.866271228644411	-0.407102064222704	-0.661121836074745	-1.34692755787297	-0.504243228765782	-0.311912952645152	-0.78300451227201	-0.365629526270114	-1.03309113024993	-1.66198492106135	-1.0469027786423	-0.707063245697778	-0.819561692682839
"PMA"	1.31495058158663	0.665353366038683	0.390578029220874	1.04575514781938	-0.34704988471179	0.52140740396705	0.293640692186075	-0.0468215473029669	0.234499462047777	0.643909533550724	0.767969638933828	0.44151447086614	0.256674469005732	1.05942236489952	0.786691945548021	0.255129811711134	-1.21248339722454	-0.968938511534962	0.888968687493485	-0.17164095852833	-0.450987014417092	2.35805996755773	1.53993816391983	1.45065410994212
"PNA EY"	-0.794011310111516	-0.902111717364538	-1.22982004166224	-1.21535636649995	-0.793916864381768	-1.21708737190224	-0.760166168241485	-0.300134539894851	-0.576355464808326	-0.706673321875933	-0.656408906480348	-1.08167978881866	-0.997599907879512	-0.770038004509483	-1.16289243051271	-0.82163339612282	-0.566535118925055	-1.24081797314688	-0.903723311971806	-1.74297719005613	-0.198110577994544	-2.00925549183661	-0.9598109098843	-0.606480104253381
"PNA Vector"	-0.197330300806668	-0.160833476357308	-0.463151709929322	-0.905839607834389	0.453570555129435	-1.03718898133425	-0.724542518011981	-0.452517299024414	-0.306941001730632	-0.6700880133121	-0.527948746751436	-0.434975835786112	-0.241136310520433	-0.771846783584973	-0.771533927638854	-0.392535533179656	0.0762922484886062	-0.872663621607941	-1.1597744234363	-2.2480677296824	-0.978674584990982	0.355443524364304	-0.0976065067278316	-0.624195552895888
"PSA"	0.408988728029785	-0.0319776625589689	-0.338739070718773	-0.184821605667384	-0.0591810343477395	-0.194021290060704	-0.105490136729369	-0.978229688358921	-0.564718217029718	-0.978380627643414	-0.317642542850987	0.0579442784346682	-0.347275010078633	-0.766663844026962	-0.757162856210345	-0.276473559171478	0.0945096485894812	-0.331287217000481	-0.125969416305592	-0.38101443367024	2.05091696821439	0.298173033355634	1.66873130201776	-0.0227660717716898
"PSL"	0.383642302992069	0.20868492882034	-0.0156510255742663	0.49163080431874	-0.248675512841647	0.0810837770756105	0.0776938188620608	0.397158273740702	0.10821284241368	0.312861091099935	0.176706275011066	-0.0385085646104493	0.0830357953865981	0.529981076919869	0.0125007836832545	0.141932277626273	0.0781983133704838	-0.432234896712448	0.309713996161896	0.0457316644748387	-1.11297917122728	0.592729088384373	0.561150590923661	0.0300872890574908
"PTA"	-0.162772336532605	-0.0865185614760122	-0.315705054781354	0.0390404156017876	-0.407743250854166	-0.148268757365546	-0.154790450866253	-0.360427022056829	-0.307256285985011	-0.559158651211042	-0.736439623732213	-0.130472214704632	0.19535417685352	-0.392798485124517	-0.274186074939795	-0.555355431309643	-0.0793159781962576	-0.460299940595748	-0.167721298968965	2.59130577571324	-1.06128511727357	-1.50828151286862	0.153019782996191	-0.188250549409631
"PTL-I"	-0.233878466823191	-0.485834313249389	-1.33810274850942	-0.156287603754281	-1.27622607464613	-0.361477599637875	-0.53239100749775	-0.407452225906579	-1.70556922947754	-0.386430083315094	-0.660116955773471	-0.404311315008628	0.0311081318018616	-0.326775066428365	-0.451433711378897	-0.221787522322535	-0.0825183479876035	-0.493095777868983	-0.0714724793524724	-1.18598012795425	-0.459317268934487	-2.22949440732896	1.93206907594312	-0.687264047392548
"PTL-II"	-0.329350585308299	-0.74770130795874	-0.994382750693747	-1.57732673371385	0.811208674689872	-0.907424393313535	-1.03665522517517	-1.22508334681429	-0.531187411163303	-0.941703086533938	0.0168900037379398	-0.312052021826219	0.258323988062779	-0.0825143660435241	-1.19573325972997	0.118036328316915	-0.502104328668864	-0.510412648348915	-0.213613422345498	-0.225977280135557	2.02819690073115	1.218332091853	-0.588506015868128	-1.12211493219031
"Ricin B Chain"	1.0980067968985	0.919248383785723	0.780422970704747	1.0825478168544	0.353088600923398	0.840853649557179	0.243829788378051	0.83971494516711	1.29633782102709	1.05150963933798	0.786728994590584	0.953108127090804	1.03130411149369	1.04856602898089	0.926381930020995	0.577840738397894	0.618439364166887	0.249323408801791	0.687370790311657	2.61663443551222	-2.22446854049944	1.31840375813935	1.35120693499878	1.05699698069902
"RPA"	-0.153407867966509	-0.432766070657401	-0.27997412704319	-0.249615292125323	-0.324099320627837	-0.548750419628221	-0.18309304786473	-0.387141049420316	-0.326963199826557	-0.358063342092889	-0.152267607140816	-0.544954193915802	0.0401323602239962	-0.11867373430136	-0.509219589958954	-0.220564561472731	-0.287971014458115	-0.633921801408914	-0.187364038394431	-0.774281310277864	-0.973412350601134	-1.35390802764928	-0.711184896828496	-0.44436220723048
"SBA"	0.241173263775003	-0.0854419957020163	-0.508457307559834	-0.709662455109784	0.552804499331552	-0.883763462454333	-0.557199972267814	-0.247565827494828	-0.934886085206065	-0.483091410332458	-0.221366644855328	-0.438034951464257	0.269536507147496	-0.6063615890041	-0.760552710046538	0.00716835316197084	0.534791349403914	-0.393024454404998	-1.03100509271467	-2.13420848962833	-0.753599935856006	0.333327786828495	2.00231469081974	-0.630531730758998
"SJA"	-0.650449017672608	-0.840904360556234	-0.879277173042926	-0.849833285701038	-1.17092095834219	-0.793077227828331	-0.933575484232161	-1.26227968612861	-1.61180956041368	-0.65179304285371	-1.11885052369056	-1.03175879653952	-1.08805147328055	-0.168523353704024	-0.502104073705768	-0.633651154479024	-2.16893482011937	-1.64851924564477	-0.52876248863106	-0.675566088677154	-0.0534681050947468	-0.859877867798386	-1.29614739761669	-0.49211136450095
"SNA"	1.01108270563982	0.116545220038365	-0.452237828243714	-0.322133646258674	0.473203918445581	-0.492404887678905	-0.433896526593216	-0.961195597423259	-0.425173129062637	-0.699108997012342	-0.139584112301579	0.0147246957135234	0.0830374217461962	-0.294386681149309	-0.788826712330525	0.118241589360316	-0.305901317304031	-0.082895984576119	0.384459992867603	0.0719909157490726	-1.88711840699167	2.98168335301169	0.681132527589692	-0.100459068438431
"SNA-II"	0.704450259474273	0.783184970375141	0.0316662315807967	-0.272033345678079	2.29769835085689	-0.250936162689513	0.0866075365029797	0.735170015681028	0.290399921632163	0.287357972413036	1.33760942269666	1.32702768599209	1.63169011644275	0.493675539497678	-0.688793457168353	1.15789382062852	1.27700213968999	0.753029057526517	0.325428223257703	-0.16916748236957	2.61364952155208	1.07940835806072	0.475755892024853	-0.0791242003761994
"SPM 10 Sialyl Lewis A"	0.223726633001727	-0.0449808580663564	-0.370904370912802	0.341115667772518	-0.0559494416370594	-0.377579534371986	-0.020168262874515	-0.077664698000639	-0.326355849891218	-0.261512257921622	-0.302246035544458	-0.146872375730132	0.0545229764755462	-0.159683268416558	-0.452155446282982	0.00152509122479216	0.0833398946192396	-0.155239001474344	0.183950467496524	4.58958173453919	-1.18233917182413	-1.04608618131652	-1.37679668098266	-0.012248581672365
"STA"	-0.0128797089506598	-0.103408852538966	0.296162427401327	0.366058703521333	0.415434358832613	0.312286000362946	0.0795116646307683	0.295564370543866	0.380327029535303	0.248058573218975	0.0083577180957537	0.488061146450226	0.69525711250764	0.192813527913387	0.0127484774616686	0.369407680111056	0.254929030900632	-0.0273191170004718	0.0997102242663708	-0.461363087889532	3.46938667884912	-1.62978217878325	-0.804590581372466	0.221898252523095
"TJA-I"	2.3876919093133	0.376234668935682	-1.10914216662063	-0.193946163903455	1.00274872082917	-0.319374770406455	-0.48264532032778	-1.32311494797666	-0.992667250188941	-1.34491022781277	0.42231707316591	0.230302600449189	-0.182676464212571	-0.648776716619754	-1.23372655031062	0.320951331294852	-0.775961764086691	0.431199668686142	0.666869367930827	0.229407901366312	0.700730613285514	4.77481748579353	4.49707623209295	-0.288177239853431
"TJA-II"	0.359502324672629	0.353713186731454	-0.434384545054055	-0.609631718589464	1.66927801244682	-1.05452039418753	-0.292604759662792	0.0591295044518425	-0.261230455956488	-0.381987350110187	0.616400438257436	0.69500894382881	1.02088924487255	-0.045652826216406	-1.15219133931534	0.737822721635336	0.344525060640885	-0.054141304751754	0.0764556188257188	-0.565073719556217	11.0870905807679	2.22101141406458	-0.383670200137994	-0.0900442136822885
"TL"	1.00213391387721	0.234687824950631	-0.574663877802056	0.219377814015303	-0.188489455254841	0.221912598530579	-0.0659153557808594	-0.709225217472426	-0.0351897068874507	-0.807135284503397	0.249527990995194	0.435464068226375	0.674570583169151	-0.233458251503315	-0.60869338218323	0.133371580367246	0.572527754056306	0.561124369613685	-0.149761144056145	0.397994865980737	-3.8959793656434	1.59504180018972	1.3699177459789	-0.555770792662354
"UDA"	0.299897947225897	0.451807946538274	0.389278831190785	0.644734840945652	0.479605750704543	0.391715747638635	0.886243583138086	0.543424882817202	0.726602858062996	0.352587049213668	0.553186193220148	0.850451961620047	0.939664336772525	0.689150884304803	0.424025006107293	0.806043843402481	0.524160786506769	0.567573215146183	0.763075982252461	0.192768267483304	-0.958772085231979	0.700883201278577	1.55898275257343	0.363118675681898
"UEA-I"	1.90580387209905	0.43123005116038	-0.196633228686123	0.526665128711546	1.03309222326279	1.22408520428376	0.481660544133581	0.298467609359731	1.5509029248477	1.15464941022741	1.38683124792298	2.0505422176142	1.7231227402764	0.593861016130937	0.548784633535247	1.58888851479836	1.26330157146712	1.91197617403155	0.439876200655041	0.203349065829734	1.56876527963471	3.895018222121	2.06492126609242	0.727018832640946
"UEA-II"	-0.380750843025037	-0.778210505337176	-0.524143346342884	-0.564636139064088	-0.313361812620133	-0.796478703984992	-0.417645750663704	-0.663075620651174	-0.874969288072725	-0.989239592408644	-0.761603151201975	-0.452538920248749	-0.0835637291927593	-0.422885594243185	-0.706169420926265	-0.433085245586453	-0.398464319529884	-0.795462612166832	-0.209097560411072	-0.493317403295032	0.159441424992559	1.08077670902586	-1.42123141734199	-0.448895823942232
"VFA"	-0.80247797214655	-0.678791598292021	-1.11547580949003	-0.886232769985052	-0.555048770647949	-1.1460688256383	-0.983325247309498	-0.86774914807662	-1.15838338027724	-1.020241090981	-0.618696116068344	-1.10100188539758	-0.766528908598864	-0.872031220659572	-1.1807337432729	-1.25706144737991	-0.345464278798146	-1.17164743072089	-1.25494656571006	-1.43660676107625	-0.926894113389686	-0.949958305499458	-1.55503132331673	-1.3090566141925
"VVA"	-1.08808234670902	-0.596481244915514	-0.809084605543219	-1.85530303952533	0.020929040957399	-1.95719537459454	-0.51584971013833	-0.432814085628615	-0.728091120113599	-0.682759613039218	-0.415128270798396	-0.798353303123209	-0.258230297943135	-0.621097735525357	-0.445032239576681	-0.436279989964534	0.178497127563655	-0.742810054444171	-0.563415123683116	-1.37240130336553	-0.591812554887447	-1.96848222781753	-0.53096761102619	-0.765740885875548
"VVA (mann) "	-1.34176906356226	-0.708443371239693	-0.926829742505189	-0.39064270055511	-0.754518187121951	-0.863832788091058	-0.298588635862418	-0.618807700744189	-0.802659676001364	-0.82354143766787	-0.354910110821412	-0.921368221469983	-0.606695325074204	-0.887270225746688	-1.13002497112015	-0.555291976967392	-0.627440042652857	-1.2170479303024	-0.607405731585837	-1.13330269897159	2.01011404982578	-1.14033274900336	-1.9341221098265	-1.18487715496564
"WFA"	-0.626035219137702	-0.0854414734340265	-0.520386348932896	-0.67481788822383	0.540989501984951	-1.36746525450103	-1.12247906023615	-0.26871944609309	-1.20010978855477	-0.476761172811585	-0.352903210375331	-0.973129194044775	-0.40877022185661	-0.604238311842217	-0.856466204365182	-0.177508548628166	0.173751683170956	-0.663256344281495	-1.45209099583133	-1.01488653437486	0.569330703295958	-0.778145853523212	-0.947507836348414	-0.693513746190471
"WGA EY"	0.782141087187254	0.362818423617833	-0.353564907297867	0.501959995182572	0.247493735039253	0.296320770989571	0.0678177055474016	-0.0730915559268226	-0.565134158464403	0.0508742741982378	0.516911189517327	0.00751792257979211	-0.183578126739048	-0.0793444819315052	-0.186860026399795	0.596455142780517	0.0633880217971559	0.351676976238915	0.0617296401422944	-0.0515378844617107	-0.184299489153609	1.91558851254392	1.14115406416751	-0.00537798256694977
"WGA Vector"	0.715736079661536	0.318065128263452	-0.287813979635954	0.403975035355639	0.0681132987178028	0.425439164252252	-0.0969516925550575	-0.0457719805967081	-0.663226814446213	-0.159609048257638	0.199806514529232	-0.235933700961347	-0.138075176452485	-0.273159464860521	-0.209557732357617	0.46665681881359	0.146150120717394	0.237555456922264	-0.187104280541183	2.10128822672849	-0.37779546813166	1.45004605076042	0.395167173538164	-0.221634424869631
