"Lectin"	"SA1"	"SA10"	"SA11"	"SA12"	"SA13"	"SA14"	"SA15"	"SA16"	"SA17"	"SA18"	"SA19"	"SA2"	"SA3"	"SA4"	"SA5"	"SA6"	"SA7"	"SA8"	"SA9"
"7 LE lewis A"	0.58356956425736	0.699801757853241	0.886569621307032	0.707165359521198	0.898479945418286	0.814293286481751	0.378164302322713	1.56510262527068	0.685049052627985	0.799747777121755	0.59007740478866	0.473995618235147	0.624102726538496	1.94847519481534	0.521459285241541	1.03986659119412	0.587323670678868	0.401042289143076	0.122436540765738
"AAA "	0.815914374850367	0.449684262828749	0.728199169695502	0.444981772984894	0.854014083406916	0.477506921710301	1.05774824854931	0.293260716607557	0.243056092857548	0.528030501372273	0.636239557004483	0.829663515329697	0.716534108367156	0.497213182974487	0.750100594616873	1.11059247237596	0.671214412428085	0.946420112193202	0.689054592521305
"AAL"	0.629160083755028	0.0483980119100895	0.252361755387209	0.85142324896834	0.55621219552201	0.621300475866892	0.952305820886451	0.4351970826064	0.701783394348524	-0.0628528634039984	-0.00686841266119664	3.25514253993887	0.507754470077355	0.287290606189492	0.754337172127101	0.348479330442961	1.04117018635707	0.475825610276837	0.513564316250381
"ACA"	0.360319061244992	0.676162331535906	0.587552303868156	0.609085274885853	0.797178993131116	0.315853220519186	1.27568099999069	0.808826229656301	0.533453314980523	1.03378347696779	0.874996279834351	0.798218448589145	0.865241209047669	0.374604855187995	0.667826038095859	0.993044177650283	0.649785282953541	0.737090408200988	0.665293106996462
"AMA new"	0.0388582499327033	-0.126286514492479	0.416653226413837	0.0886017776529906	0.152237839449116	0.319079660085889	0.419451855320131	0.40302459806461	0.155290869818829	0.309072482179763	0.307826846340248	0.26118778488186	0.239911323950494	-0.0860977823636606	-0.0562817201218468	0.138084338194997	0.0148728566396299	-0.0876156848398288	0.181580117034375
"AOL"	0.530975680316466	-0.345810992620585	0.278779681996294	1.05043874255874	0.910624137406499	0.804855528260118	0.864343973158221	0.388800598454521	1.02803299864786	-0.338308729769784	-0.182825746514983	4.10789352948769	0.510141996201188	-0.105065273768778	0.525767530117497	-0.0231988623544979	1.03955366255218	0.239413782653537	0.168855122818291
"APA old"	0.966218421998471	0.0838376811653809	0.114059797987185	-3.13503667373721	-0.678109328544319	0.602483076997874	0.599247100786505	-0.823328587396463	0.282538224671164	-0.965326676126658	-4.39557204494084	1.65337994984599	0.549855496647551	-0.296172006213034	-5.47938864908919	0.347094258660071	0.283832177714304	-0.217155183789201	0.517206123607023
"APP"	0.162986141052928	0.168273542151882	0.235009729959561	0.47586167779548	0.696244484211068	0.398743853599136	0.530029658937758	0.40412514942903	0.666597496454832	0.702565246032421	0.72703744830028	0.125530821903537	0.455210042254807	0.098787902085574	0.172146079907767	0.340899064433382	0.318845333749001	0.297175363091233	0.137935130180182
"ASA"	-0.305547015030283	-0.295849892465281	0.268211342807204	-0.594020598115319	-0.227618141956869	-0.114315589177508	-0.508136434518068	-0.399473682971266	3.1570073360296	0.532172974857717	5.15517475486936	-0.674645855911963	-0.286528348506344	-0.592976422781433	-0.500028415148224	-0.319659861004185	-0.247543647063479	-0.298947248778404	-0.363078339615562
"BDA  new"	-0.155555484723928	-0.230647430982873	-0.263639044855983	-0.139837660240683	0.571050022426432	-0.278488339433513	0.630902439640087	0.550927574130878	-0.0853591872448867	0.28831087829877	0.424222513836765	-0.21016373383145	0.19034576133471	-0.183366800327804	0.15056193900964	0.529567575283378	-0.0653449752257114	0.00614632211003396	0.0828116814554338
"Blackbean"	0.581532003182572	0.415362109311932	0.580937113260601	0.290241402636212	0.460395653661728	-0.585978720474305	0.185064734625513	-0.0157517743439328	0.0696608269529904	-0.255639778125712	-0.451870041420559	0.0654856986934096	0.496461160095366	0.343766250270143	0.325742750759629	0.563677928326676	0.373488144414095	0.709185834202222	0.526848566294879
"BPA"	0.406480458854864	0.247396030256569	0.330419125168966	0.138315255191564	0.138873712474975	-0.0751963114368177	0.081474126596877	-0.053946905803075	0.360298124203878	-0.0307381776168363	-0.0235477072410397	0.36042293398107	0.385156325929234	0.243631724780036	0.335179395212533	0.48775212744321	0.352276501096165	0.205492012374737	0.464693880220015
"CA"	-0.249410167870202	-0.686490702717398	-0.139987380224229	-0.301183039325357	-0.172674004155773	-0.243697976419433	-0.526599850006699	-0.31679031000151	-0.190523608435001	-0.419229617427831	-0.467872972625463	-0.233507116179041	-0.556940846831875	-0.6372089240481	-0.223241390408253	-0.360331010846565	-0.195753442489135	-0.787831362948523	-0.26374548298017
"CAA"	-0.350345348413507	-0.19702714289053	-0.204996768492546	0.107224279670744	-0.38698576910951	-0.34390864737745	-0.532466627100202	-0.433283639607486	-0.213964491949104	-0.570679002237254	-0.50506966519521	-0.353545254588287	-0.633739127477513	-0.595982595254171	-0.280976531561356	-0.389518126705996	-0.231178500916222	-0.571293192986458	-0.380101006018721
"Calsepa new"	-0.657740910271077	-0.723848552281357	0.358472513020827	-0.536578496647152	0.0719544383772543	0.0489988076952592	-0.721500737387187	-0.464862381121815	-0.416029888911938	-0.662241696695379	-0.70934088905204	-0.00927479623672944	-0.881308666904326	-0.892387636444534	-0.585884607095579	-0.622186076746466	-0.638531019590411	-1.13838970732085	-0.683314577037915
"CCA"	-0.0710094895571984	0.28381422438944	-0.248453940200699	-0.874376516620194	-0.455079709586563	-0.62791692293994	-0.495286383519703	-0.912220226567096	-0.394502815505895	-0.765908378413145	-0.782532587571198	-0.332847475416726	0.0803314910455857	-0.259959793543223	-0.166462691691926	-0.24966486260052	0.18946847481797	0.359631239609357	-0.00146560892700975
"Cholera Toxin (fridge)"	0.105254681645953	0.236538597465703	0.0927861148397184	-0.295327352058855	-0.157402033737666	-0.555915462966365	-0.403863913027903	-0.686333119883333	-0.417822639126211	-0.548377673737955	-0.938595466628813	0.242384155041316	-0.0305556179461188	-0.14499816697812	0.251941456480145	0.604324469505869	0.0401497109684854	0.388459764805697	0.230909464990569
"Con A new"	-0.321891186969005	-0.310876951998335	0.00402387381486768	-0.0608926955389411	0.245795670656856	0.00426447957445042	-0.103413755135666	-0.0786550840054634	-0.0761184245894881	-0.19823090225726	-0.138518269123454	-0.555245810182193	-0.34665365277646	-0.447700810949279	-0.516921403598706	-0.264608840191956	-0.448749405593585	-0.202667664163821	-0.147497101270213
"CSA"	-0.399781882584628	-0.179046059349258	-0.576751154651022	-0.653725955039201	-0.465965458089409	-0.673641328276364	-0.17753300706036	-0.344080338925849	-0.375196106770455	-0.522388170453676	-0.557032403557908	-0.191251413842343	-0.258674464972316	-0.411807076427912	-0.498140104099544	-0.365450711184151	-0.0273327661167873	-0.137163071125654	-0.0537574901368938
"CVN "	0.0985542322983655	0.099325337926885	0.557858663818127	-0.330180689992822	0.266078751980411	-0.208252722904936	-0.34616398857662	-0.210152359789033	-0.387205890755309	-0.347824473485527	-0.594434635268808	0.0315166679897807	0.0474699955422206	-0.0644768441430958	0.295448697029389	0.150230096014473	-0.0833710617124002	0.235403113893247	0.213326957301836
"DBA"	0.680903498455223	0.82050205491392	0.483416857227125	0.255651331859131	0.216300002646008	0.0862681660009965	0.346984149867918	0.126674338811982	0.40638083557794	0.230036586579436	0.152249734932488	0.395381394114636	0.619512559838796	0.50125138616213	0.694099821165556	0.938731949007858	0.772988963758758	0.853752761535103	0.773679246535975
"DC-SIGN"	0.466674944854629	0.711110986793852	0.964767710606957	0.744324686177054	0.506927490700534	0.170368667799821	0.562877301499727	0.0863467638446469	0.707511977019706	0.573697037463365	0.337869173026668	0.507868470628257	0.407827201369733	0.722270731842636	0.583122761800702	1.15311777926823	0.826118967663319	0.422559392593145	0.484949134805774
"DSA"	0.484635703411422	0.0838376811653809	-6.22994312556866	0.338894514595202	0.785928389917231	-0.471517508432297	0.599247100786505	-4.91464376909902	-3.55396304304596	0.532172974857717	1.16339529539966	0.418538207541307	0.551808404596903	0.301442874632032	0.258598322221516	0.622064404994445	0.922715412058928	-0.35794961135313	4.62526075489394
"DSA (fridge) 1"	0.396749722444246	0.0838376811653809	-0.171049436515093	0.338894514595202	5.8448220789708	-0.66055132595053	0.565299772218271	-4.44515847470015	0.282538224671164	0.532172974857717	0.511318565094632	0.251928659476865	-0.155022848882552	0.228658605458877	0.4497782914982	0.3683448583844	0.922715412058928	-0.35794961135313	-3.34052352976815
"DSA (fridge) 2"	0.68156634565975	0.360458906457824	0.883500276631942	0.409253186247792	0.528742523250111	0.581508947904132	0.495568454684836	0.190707317226597	0.460198874945966	0.35185752790666	0.258879274429662	0.516197405637463	0.412566218248729	0.534780582150942	0.648711669323658	0.605880736052763	0.733531419317591	0.763635666011547	0.577679469984377
"ECA"	-0.205345770747154	-0.74853643351061	-0.06629938167716	0.111116887151924	-0.00226102317424548	-0.0480295528188162	0.0326811568356593	-0.151528374143487	0.235630513989033	-0.270966317153905	-0.344939616992141	-0.558293178855942	-0.407328967708848	-0.35418272525842	-0.347191268905767	-0.460753863767481	0.0565244522795041	-0.474996608838497	-0.452528750309234
"EEA"	0.89587188892212	1.21595634699417	0.827785455380491	0.362378469553192	0.416325790418275	0.0803784471973987	-0.110702491545291	0.0269105706826611	0.298096671257348	-0.00605819847709377	-0.185706017782822	0.8359479326827	0.86128077048911	0.799318874682228	0.918885568363425	1.13668709025972	1.06722326528558	1.10500939912336	0.781045147099604
"EEL "	-0.0103184036393884	0.00960794544453236	-0.142848977149587	-0.556911603087148	-0.386290742199167	-0.628943888749513	-0.61808284133887	-0.556558244514182	-0.201803461417073	-0.580290104662851	-0.608399618016335	-0.622558314959624	0.113252525614369	-0.271054224466925	-0.166060732678506	0.108275643376736	0.155000254909293	-0.0136187505875434	0.0522114603224768
"GHA"	-0.271145151740592	-0.175954712057402	-0.195475479005985	0.0024787363545169	0.103066126149717	0.0256029224133822	0.133954830727964	0.0437494727434533	0.218675742356526	0.282685100996703	0.334965610233834	0.692247021104224	0.185203618453817	-0.235974208630548	-0.225429477689725	-0.0618301202472633	-0.00109109799065621	0.0525810873049135	-0.129381620254939
"GNA"	-0.366211080254905	0.0838376811653809	-0.171049436515093	-5.88992421196806	0.785928389917231	0.602483076997874	0.599247100786505	-0.386264785646578	0.282538224671164	0.532172974857717	-3.81060952979273	-1.61588655683375	0.694477187493959	-0.296172006213034	-4.47938864908919	1.18839650928591	0.922715412058928	-0.35794961135313	0.303332660006578
"GNA (Vector)"	-0.227457026197644	-0.0589598849350672	-0.23046939661385	-0.901765164389463	-0.64374886339643	-0.867900890220312	-0.725442427368352	-0.893410165514471	-0.865457672854291	-1.09914382204737	-1.25344110938551	-0.471261569609458	-0.21299443714878	-0.471364727016828	-0.224565739101639	-0.196102932582162	-0.125246781902993	0.141317723695247	-0.194260325306676
"GRFT new"	-0.107747671186736	-0.136961268281087	0.986487989402601	0.48908774623437	0.915966656352131	1.24458813633371	0.051061576089511	0.302524572755589	0.315497038483253	0.0824585907493045	-0.279638098747373	-0.0118435472420995	-0.212824508920228	-0.431540917447913	0.240986702294361	0.142403592718932	-0.0437404915449751	-0.584637009738982	-0.0776621046812274
"GS-I"	0.979964562101758	1.80486173304794	2.38534391200929	2.10828158809321	-3.05057287779989	0.602483076997874	7.24310329056123	-0.748834885641216	3.2259546963048	2.83025433015579	0.511318565094632	0.742567414078722	0.694477187493959	-0.296172006213034	1.16446754068554	-2.79249467535952	2.69210248555694	3.54894097704191	5.1398339277237
"GS-I_EY"	0.0643407858212708	0.240428044106082	-0.0281773548221711	0.267314352925181	0.16689099246832	5.2463392667726	0.599247100786505	0.294579859851293	0.282538224671164	0.532172974857717	-0.711073856241816	-0.0443767515335658	0.250796008283279	-0.0672577639859604	-0.133213007909012	-0.00839215516587721	0.191981771604237	0.314269232974089	0.0103996482494892
"GS-I_V"	0.642104187873706	0.0838376811653809	0.441424627692943	0.0618747772080024	0.171632395081941	0.0877690226198879	0.208975394942067	-0.00279963069107936	0.146869515207383	-0.0133785410117095	0.180970047231968	1.00475566803527	0.67162490517012	0.392163016540058	0.569222066702521	0.818649767318124	0.0871136297944766	-0.158550754510957	0.0431261446616009
"GS-II"	0.149722861404918	0.113304590106049	0.413913064206064	0.338894514595202	-3.63553536821608	0.602483076997874	-4.04460908898822	-0.386264785646578	-0.0604695883350264	0.532172974857717	0.511318565094632	-0.295077008736925	0.433784819519948	-0.00258214338430385	0.0741605188295065	0.184422922220644	0.0275769572074651	-0.00494799531123746	0.107542139159531
"HAA"	1.42496341275158	1.5754520985234	1.43132397605003	0.0468649374965899	0.0585038001898415	0.249751484893588	0.553945177531496	-0.107812307952411	0.27145117646071	0.377415508219453	-0.15417755221562	4.66144734359607	0.995145023779518	1.41269305250874	3.64765241686308	3.52804377057483	0.972509337073451	1.2367045187866	1.62397466986521
"HHL"	-0.30062927813967	-0.269011357352927	0.735389154776088	-0.334478086797478	0.17243205343703	0.263833281278446	-0.558280639254784	-0.462291221065071	-0.408565005428537	-0.682639221284544	-0.879535566174617	-0.260289710061004	-0.484288301463652	-0.323518712531763	-0.201756301104375	-0.260300988915089	-0.140644828676532	-0.645226630541856	-0.267465652157549
"HPA_EY"	0.0476276702793887	-0.736370903103913	-0.294624121633625	-0.860324793086266	-0.0514771058222587	-0.510134486568504	-0.362873015982252	-0.151799532039159	-0.403927887774767	-0.123820765065519	-0.0588034443156236	-0.0729277161799118	0.089336804835173	0.243410591004113	1.80670484627402	0.365524197461353	-0.865646794147638	-0.577118131847062	-0.568528391268909
"HPA_Sigma"	1.01901648408587	-0.0423761335012074	1.21133519585609	1.65144681667343	1.50926464357442	2.89801803074248	1.06115120523756	2.41040565599802	1.79056261167198	0.988473517157384	1.36024549921609	2.24484753562439	0.657789764518238	0.247816436113375	1.37733664139668	0.888179412062277	0.366397698379206	-0.348927098888682	0.83112145236136
"IAA"	0.65186127170368	0.924837920880046	0.711196001328897	0.621900528097662	0.570398077061942	0.289805529695366	0.617938148179139	0.171684266326691	0.53093275689556	0.298140355680948	-0.595456986570248	0.425022489555266	0.563424192816667	0.649147011574971	0.955832251279482	0.942140751403695	0.943025524803511	0.906673536452644	0.859203740798424
"IRA new"	0.527840507649577	0.557737557293095	0.445181038100694	0.318567251140227	0.289532491905744	0.199865425997595	0.333057647963953	0.274095009322801	0.394478919164259	0.173923793122087	0.231522757679127	0.69015820355904	0.404113608583945	0.207470049813212	0.502817517437464	0.482355488314603	0.582256034240785	0.690761803120102	0.511651981708386
"Jacalin, AIA"	-0.0332938797588014	-0.20980550844822	-0.144815089005316	-0.187700204301848	-0.20629006452889	-0.201005568490615	-0.102570254827755	-0.182742714541531	-0.451154095167707	-0.47400816177456	-0.462671347658924	1.45462690431736	-0.274939131146059	-0.390567989542207	0.147639143902955	-0.238490104728077	-0.0779037704025107	-0.189823962507873	-0.146632421771999
"LBA"	-0.624396086330478	-0.666418372439843	-0.0403547964201714	-0.45891663469725	-0.113975775235112	-0.173371530561926	-0.119503757352011	-0.116804110501807	0.0195038188373697	0.0545302663471396	-0.119827159527352	-0.916540060888936	-0.30217160308989	-0.543979938031438	-0.82395776644468	-0.540636628892439	-0.490282941844288	-0.314214132550838	-0.494038173478403
"LcH"	-0.415072487705176	-0.563152040064521	0.431200962136582	-0.352023051733756	-0.0121872593046053	0.0151992643421828	-0.608203348893667	-0.491420706752146	-0.525900389391765	-0.6108474103199	-0.576315709230698	0.227006286635113	-0.664787058685523	-0.746041023319078	-0.442410185742542	-0.51626926632064	-0.539591329384216	-0.870835646381757	-0.568207126870892
"Le X P12 SCBT"	-0.0863509806599829	-0.0798640236554551	0.279360292832761	-0.0604735284177593	-0.0107986125939412	0.203516710881308	0.210245605245911	0.0231994431591236	0.110004842409435	0.295055943484185	0.0629996572256406	-0.675854708571343	-0.162822165695779	-0.278024659385691	-0.289116345939146	-0.191274681516415	-0.0238694606359484	-0.0819862819049408	-0.241676329167968
"Le X R and D (CD 15)"	1.12182636996154	1.17464061802942	0.596461727735107	1.03716313361143	1.49642177272225	0.50555533310111	1.16547303869338	1.49458794878078	0.785881901351763	0.853377733033568	1.03688214286209	1.76876598334314	1.35696932491545	1.00366784052846	1.29586035466288	1.59456297755315	1.33249444953582	1.27635041058266	1.26412369787591
"LEA_EY"	-0.377384824415149	-0.333539956567979	-0.573427363822471	-0.371067977717445	-1.18724343668082	-0.848059449803154	-0.213362074321118	-0.52937827783728	-0.198750356446523	-0.666959205667025	-0.676242418477791	-0.352171473853485	-0.343155191297146	-0.422756394247362	0.0850530441380197	-0.00394595826400135	-0.349364133255184	-0.468426147614858	-0.250549469361756
"LEA_V"	0.314902086397971	-0.00704781371380214	0.274742363082826	0.206916962947634	-0.698675515602416	-0.240004057557131	-0.0471511941584364	-0.316134359039195	0.282538224671164	-0.136697658307096	-0.230665103838199	0.283582286184794	-0.053234612271023	0.332155418700589	0.592822980467666	0.458162142609103	0.56669514204596	-0.167641128048915	0.321919267405173
"Lewis Y"	0.268161375014337	0.0175724843134102	0.596791605683263	0.946675849118787	0.914651311977378	0.563432799475244	0.836680100554487	0.791878084682818	1.03965382772675	0.913725635189053	0.629155055388489	-0.166978445023458	0.295984537457866	0.464412785903422	0.0326649319434917	0.692675044027382	0.447772161323265	0.391078886100724	0.345705604194654
"Lewis Y IgM"	-1.35083252892947	-0.855102635398314	-1.32521311370725	-1.40033822421732	-1.35452970258441	-0.995069898545617	-1.73159106229811	-1.1804412642714	-1.80760789788006	-1.50699762242296	-1.85000727521055	-1.54775197650069	-0.565816888027209	-0.863571944404162	-0.659942545473813	-1.08931368042908	-0.992680779781608	-0.939505510631037	-1.30227328087775
"LFA"	0.443296582874934	-0.150963043939469	0.134039596192791	0.154309206848623	0.235803267403714	-0.16816862296472	0.190945932778467	-0.123596965160414	-0.160843900301643	-0.320601071959104	-0.212517757127939	0.259057249064854	0.138719204485691	0.0871566330083358	0.117826815978947	-0.00793749568800539	0.122793247507841	0.218745272972227	0.157964763036519
"Lotus"	-0.0235665791625674	0.288943734111996	0.0663001848517073	0.0517008356056525	0.267957368402925	-0.064941583915255	0.334308461116404	0.265429765261699	0.149634972228103	0.210497784677241	0.061015262028711	-0.400401502533246	0.0593518920347069	0.0898864260807706	-0.18345576273477	0.0298926869234215	0.149316188817108	0.468040225404598	0.0975542108415386
"LPA "	1.06917367013213	2.56882937201385	1.7518074357376	1.39425073957757	1.28925242152215	0.650826974481264	1.94566889994845	0.746802276488845	0.707945278016703	1.47743001026329	0.430652821460926	1.66274884305104	1.4125686486493	2.46044608739127	2.71135482399488	1.53321305487414	3.36360633857163	7.42295777079675	1.84279091585734
"MAA new"	-0.366774963412714	-0.250133697384197	-0.689585858143646	-0.818432469075388	-0.745741869585013	-1.04974882295445	-0.52072768176194	-0.671070233157693	-0.717461775328836	-0.85870649790211	-0.85877029436929	-0.984514093012383	-0.464575908384784	-0.576102744516234	-0.287270640355217	-0.489849120275158	-0.0889337416701359	-0.0348684804554722	-0.358466966492974
"MAL-I vector"	0.303850179867215	0.356741702251666	0.0965795433912771	-0.0477508393976507	-0.234481849083078	-0.372665485950046	-0.0935884414869435	-0.298317086337899	-0.113672348698978	-0.330265315333037	-0.434511912394983	-0.174058279152325	0.198123151902328	0.195132454759014	0.314530291321484	0.273738301282894	0.506714639040332	0.603321761578494	0.330230903319855
"MAL-II vector"	-0.622674177718046	0.0772106827122538	-0.903064508366377	-1.08125504531679	-1.07941783580727	-1.0451229969836	-0.764377194887304	-1.02297766099816	-0.512186470705352	-0.560893816019812	-0.885152149705206	-0.803761064105506	-0.363625767069609	-0.421702888349778	-1.01121213548258	-0.0665675452642276	-0.0285072902293422	-0.341695711317065	-0.531188888335874
"MNA-G"	0.065592047984012	-0.195826568155232	0.0545736442388307	0.427251733501564	-0.0932441683595968	0.284445398003104	-0.187759175879298	-0.11811123863607	0.0989473238317355	-0.328334469162582	-0.594481027044633	2.28648428703195	-0.253569482141788	-0.329251296229987	0.411785151738361	0.012356338447594	-0.0548143070849161	-0.394726182246769	0.120161832650853
"MNA-M "	-0.469549772828428	-0.661736069858456	0.3137728672686	-0.519402507594313	-0.179147142803787	-0.112500958720309	-0.668337287512147	-0.688653991379748	-0.467577475304202	-0.757989263816803	-0.856838328277114	0.232601312835889	-0.760022135601107	-0.709036402110184	-0.345064176537731	-0.481072287471166	-0.777577309921801	-0.838470362751307	-0.559778251984271
"MOA new"	0.391322377863032	0.619163639876801	0.178405661465209	-0.248652409168649	0.0701267933760832	-0.119487778981537	0.238684800981092	-0.0812381423342519	0.360063102156939	-0.131554505174513	-0.182660662244944	0.0939274310957909	0.542565291280715	0.538053268041345	0.269038423296351	0.390828813817336	0.498841779744136	0.579716373844878	0.418371168272795
"MPA (Vector)"	-0.225104261380531	-0.0164996381374145	0.160369611718787	-0.0126833420840331	-0.277286905115197	-0.0419828801659161	-0.188845012686883	-0.198507118015696	-0.200175300777852	-0.340081722018081	-0.432156875057565	1.59235322159872	-0.125672597215944	-0.331524758148692	0.101136839118983	-0.0371757569733528	-0.118960932815492	-0.529472300680791	0.0055161628490179
"NA_1"	-0.366211080254905	0.0838376811653809	1.00728780474342	0.338894514595202	0.785928389917231	0.602483076997874	-2.30764349842875	-4.0301209754213	-1.87108496282104	3.19513797998701	0.511318565094632	-1.61588655683375	0.694477187493959	-0.296172006213034	1.16446754068554	-2.45545968048882	-4.13617827699464	-0.35794961135313	-1.11813110971982
"NA_10"	-1.8256426988922	-2.0316395251569	1.70341969451646	5.76035830364341	6.42978457969196	2.04994205265755	-0.478755403621637	-0.386264785646578	0.282538224671164	-0.567362719303126	-3.91014519303868	-2.90539316747103	-4.53434148496823	-0.296172006213034	-1.11564039487391	1.18839650928591	0.922715412058928	-2.02091461648243	3.21022325922183
"NA_11"	5.27764510951982	0.0838376811653809	4.88784425253848	0.338894514595202	0.785928389917231	0.933128390724533	-5.62957162577675	1.31417495746424	0.282538224671164	0.532172974857717	4.74013726460736	-1.61588655683375	0.694477187493959	-0.296172006213034	6.22336122973911	7.83225269906063	-5.30610331450433	-0.35794961135313	-6.34052352976815
"NA_12"	-0.366211080254905	0.0838376811653809	6.47280675325963	0.338894514595202	0.785928389917231	0.602483076997874	0.599247100786505	0.166276230824497	0.282538224671164	0.532172974857717	-4.54757512395894	-0.409435668268674	0.820008056462408	-0.296172006213034	1.16446754068554	-4.04042216317628	1.92271541205893	-0.35794961135313	0.303332660006578
"NA_13"	-0.366211080254905	0.0838376811653809	-0.171049436515093	6.98275070436993	2.03104089226218	0.602483076997874	0.599247100786505	-0.386264785646578	0.282538224671164	0.532172974857717	0.189390405285993	-1.61588655683375	0.694477187493959	-5.3550656952666	1.16446754068554	1.18839650928591	-0.269929677476553	5.28590657842159	0.303332660006578
"NA_14"	-0.0442829204462658	0.0838376811653809	0.0919849404648012	0.338894514595202	-0.436464010809287	6.02394686604608	0.599247100786505	5.25759140412815	-1.69608812985613	0.532172974857717	5.83324665998199	-1.61588655683375	0.694477187493959	-5.71763579526124	1.16446754068554	1.18839650928591	0.408142233046191	-0.35794961135313	-4.34052352976815
"NA_15"	0.370754513911301	0.0838376811653809	6.47280675325963	0.338894514595202	0.785928389917231	-1.87144811133454	0.599247100786505	-0.386264785646578	0.282538224671164	0.532172974857717	-0.711073866546781	-1.61588655683375	-5.5343415390693	-6.20306257296765	-5.47938864908919	1.18839650928591	0.922715412058928	3.34730711681315	4.1398339277237
"NA_16"	-0.366211080254905	-4.56001850860934	-0.171049436515093	0.338894514595202	0.283428040901606	0.602483076997874	0.599247100786505	-0.386264785646578	0.282538224671164	-5.3747175918969	-1.7366089768232	-2.6938890612419	0.694477187493959	-5.2030626162485	0.579505039964381	1.18839650928591	0.922715412058928	-0.35794961135313	0.303332660006578
"NA_17"	-0.366211080254905	-0.331199836147151	5.47280675325963	-5.30496167517952	-4.44289028254496	4.18744558348981	0.599247100786505	-0.386264785646578	0.282538224671164	-1.63775206265197	-4.54757512395894	3.70604153805361	-5.94937900228077	-0.296172006213034	-3.89442614836803	-5.45545968048882	0.922715412058928	-0.35794961135313	4.9471888497813
"NA_18"	-0.366211080254905	0.0838376811653809	-1.68562259543315	0.338894514595202	5.6928189999527	0.602483076997874	0.599247100786505	-0.748834885641216	-4.7763554643824	7.17602916463244	-5.71750016146863	3.29100405320172	0.694477187493959	-1.72913142791609	1.16446754068554	-2.79249467535952	0.922715412058928	-0.35794961135313	5.36222634906015
"NA_19"	-0.366211080254905	5.72769387094011	-5.5925132255633	0.338894514595202	-1.08854074111432	0.602483076997874	-6.04460908898822	-0.421888702502805	2.05192529816917	-1.70486624305306	0.511318565094632	-1.61588655683375	3.19537542070457	-1.75560367403312	1.16446754068554	-3.45545968048882	0.922715412058928	-2.16530453341073	0.303332660006578
"NA_2"	-0.457922572725156	-0.62823280401452	0.365305355758561	-0.403118082717901	-0.418075908249977	-0.173682906669349	-0.614716481067692	-0.604959874576448	-0.471346324352799	-0.705823969744518	-1.05743714434356	-0.607953945160167	-0.859760947861528	-0.571309807765109	-0.491815468568539	-0.460047628505821	-0.43074761560236	-0.751521760086392	-0.536777793965445
"NA_20"	-0.688139142681628	6.72769387094011	-0.171049436515093	0.338894514595202	-4.63553539913097	-0.856948541639423	0.42932211737788	-6.2931553524012	-5.62435234208345	-1.43745337916833	0.511318565094632	-1.61588655683375	-3.14202408022316	5.34768418356169	1.16446754068554	1.18839650928591	5.8296060220944	-0.35794961135313	5.72479644905478
"NA_21"	-2.82564268413737	0.0838376811653809	6.05776929004816	0.338894514595202	-4.27296529913634	-1.43854418706167	0.599247100786505	-0.386264785646578	6.92639441444589	-0.467827025142283	0.511318565094632	-6.67478024588732	0.694477187493959	-0.296172006213034	1.16446754068554	1.18839650928591	0.922715412058928	-0.35794961135313	0.303332660006578
"NA_22"	3.86260761925782	1.18337337532622	-1.17104943651509	5.10828157333838	-4.63553539913097	-1.24551380070318	0.599247100786505	-0.386264785646578	3.8675007311631	-0.374717602717113	0.511318565094632	-1.29395847006155	-3.72698657063935	4.61071860382244	1.16446754068554	1.18839650928591	0.922715412058928	-1.35794961135313	0.303332660006578
"NA_3"	-0.366211080254905	0.0838376811653809	-0.171049436515093	0.338894514595202	0.785928389917231	0.602483076997874	0.599247100786505	-0.386264785646578	0.282538224671164	0.532172974857717	0.511318565094632	-1.61588655683375	0.694477187493959	-0.296172006213034	1.16446754068554	1.18839650928591	0.922715412058928	-0.35794961135313	0.303332660006578
"NA_4"	-0.366211080254905	0.0838376811653809	-0.171049436515093	0.338894514595202	0.785928389917231	0.602483076997874	0.599247100786505	-0.386264785646578	0.282538224671164	0.532172974857717	0.511318565094632	-1.61588655683375	0.694477187493959	-0.296172006213034	1.16446754068554	1.18839650928591	0.922715412058928	-0.35794961135313	0.303332660006578
"NA_5"	-0.366211080254905	0.0838376811653809	-0.171049436515093	0.338894514595202	0.785928389917231	0.602483076997874	0.599247100786505	-0.386264785646578	0.282538224671164	0.532172974857717	0.511318565094632	-1.61588655683375	0.694477187493959	-0.296172006213034	1.16446754068554	1.18839650928591	0.922715412058928	-0.35794961135313	0.303332660006578
"NA_6"	-5.27310169029037	-6.56001850860934	0.0919849404648012	0.338894514595202	0.200965853128698	0.602483076997874	0.599247100786505	0.0287727208457422	0.282538224671164	0.532172974857717	3.65267441858339	-2.73136377425369	6.60136775424858	4.93264666624916	5.69284652413798	1.18839650928591	0.922715412058928	-0.35794961135313	0.303332660006578
"NA_7"	-0.366211080254905	0.0838376811653809	-0.171049436515093	0.338894514595202	0.785928389917231	0.602483076997874	0.599247100786505	-0.386264785646578	0.282538224671164	0.532172974857717	0.511318565094632	-1.61588655683375	0.694477187493959	-0.296172006213034	1.16446754068554	1.18839650928591	0.922715412058928	-0.35794961135313	0.303332660006578
"NA_8"	-0.366211080254905	-1.77251130641462	-3.17420977740842	-3.15969229483001	0.06637984853639	-3.24658686937478	-4.05896438732183	-3.25617273925198	1.74317259171369	-4.61044467337538	-6.3590461750987	-1.61588655683375	0.694477187493959	-0.296172006213034	-2.12008727908284	-2.59010030736681	1.97162501353484	-0.35794961135313	0.583784119501868
"NA_9"	3.16216788655106	5.50530147021359	5.88784425253848	-6.30496167517952	0.785928389917231	-2.30440752221738	0.599247100786505	-0.386264785646578	0.282538224671164	2.61124454381695	-4.07364393562652	-1.38456101699989	4.22285615429992	-0.296172006213034	4.74943004717747	4.83225269906063	7.56657160183365	-0.35794961135313	-1.50402226205103
"NPA_1.0"	0.22098453779968	-0.159532830135207	0.159447937020701	0.0797540248659008	0.232303855609851	-0.0923081831761046	0.0698935068036626	0.023611008516486	0.360649051176853	0.133591357477453	0.233845618632669	0.0461187157315859	0.242894454453921	0.0129047682055425	0.130222669128592	0.537853473077774	0.103803458578923	-0.00718346626816491	0.242182396507985
"NPA_2.0"	-0.366211080254905	0.0838376811653809	-0.171049436515093	0.338894514595202	0.785928389917231	0.602483076997874	0.599247100786505	-0.386264785646578	0.282538224671164	0.532172974857717	0.511318565094632	-1.61588655683375	0.694477187493959	-0.296172006213034	1.16446754068554	1.18839650928591	0.922715412058928	-0.35794961135313	0.303332660006578
"PA-I "	0.1343984945669	-0.0616756543580497	0.132798203832534	0.487008681918851	0.599777074060334	0.129413456181979	0.47371621855528	0.658005481280938	0.727163693053033	0.542254742438518	0.732855548863188	-0.100611978719801	0.294915284187901	0.0896449314168262	-0.159678379229691	0.200619358551382	0.116875130841303	0.11718412992288	0.117727752225676
"PHA-E_EY"	-0.0408529666172708	-0.204121106549366	-0.213275395600768	-0.351877396734151	-0.760197444265808	-0.540459993956496	-0.54937937971518	-0.667568624870611	-0.420671468724779	-0.447786179149787	-0.543859642443978	-0.0670322877840288	-0.269835956610761	-0.0247056209328935	0.100558034058304	-0.00969349759565219	-0.0564122176960211	-0.256464485855451	-0.0580361744523916
"PHA-E_V"	-0.0709608147408982	-0.456475724457807	-0.213435010964549	-0.0679191603812317	-0.661328514746545	-0.447094845691998	-0.578563458441954	-0.617001821925271	-0.453033716533957	-0.398675246007569	-0.484870450234949	-0.0726978775530576	-0.560824988945118	-0.273728457226198	-0.0170817119816036	-0.186928293436742	-0.530717466002976	-0.605540211809567	-0.225469949127318
"PHA-L_EY"	-1.03924934765237	-1.21724566546287	-1.17456392069133	-1.4819166879965	-1.12387380117963	-1.500016286357	-1.27879747141839	-1.14107120340663	-1.181173121275	-1.23419353574905	-1.20045087598413	-1.59620889398698	-0.91823792868513	-1.18510993248495	-1.59687194507098	-1.37829607576947	-0.994059056677633	-0.907573490810227	-1.08564905020893
"PHA-L_V"	-0.107490788808498	-0.562572705261514	-0.166626487406278	-0.303021286218781	-0.568271769544065	-0.343565570146096	-0.666609663379875	-0.737517386800228	-0.433709460602055	-0.604862065429725	-0.784698010806578	-0.42601752086969	-0.376918072440828	-0.278478574348899	-0.273933951658817	-0.237477414951307	-0.269869067540883	-0.558976711789381	-0.219746708632515
"PMA"	-0.307794394029584	-0.390260960639115	-0.428496582308977	-0.407362682353122	-0.216643718215872	0.0185186359645435	-0.648517809665544	-0.503775999213051	-0.693214229038492	-0.691487192553151	-0.678073535011968	-0.00568676464752116	-0.567236580601483	-0.501904946352964	-0.387353494205195	-0.179864301574183	-0.191816648999241	-0.695672519775941	-0.339498508961974
"PNA_EY"	-1.09815610510025	-1.2302260404396	-0.829481627932834	-0.635110276871854	-0.434269818006305	-0.849212893465992	-0.390336282749202	-0.00457454375461541	-0.353771156050213	-0.273505369392503	-0.0103576912021399	-1.45503513890384	-0.220937480208624	-1.19775159659395	-1.25464421944776	-0.36841495129877	-0.894907844731156	-0.879122099558713	-0.55700703615869
"PNA_V"	0.583616658562955	0.290554714110419	0.489041779454926	0.57481822091952	0.629948437738614	0.230641146810873	0.320844293410079	0.492180998524658	0.794320884049124	0.742903957552024	0.517260830379755	0.23990962798117	0.626165313760515	0.258129941722057	0.437260913063261	1.03189202360592	0.548948385651947	0.221276519818883	0.285117924300334
"PSA"	-0.451335567982007	-0.633284284727962	0.00218829898718909	-0.454124789666764	-0.194061649371424	0.0152338189217414	-0.722958142318191	-0.708246204068777	-0.60417079115177	-0.698797658481439	-1.15277047966042	0.0278931562232625	-0.8669077217319	-0.668918814824213	-0.435526969847002	-0.658827519613865	-0.615268807163885	-0.914137101613166	-0.579703063505585
"PSL"	0.428739822252975	0.465929349382641	0.322501376289594	0.0127968116392445	0.015410236054942	-0.0211364869013195	0.274981969015787	-0.0939294127458119	0.0302416305094599	-0.136831752654958	-0.179057673789737	0.64047166901112	0.448151817951418	0.261722941098727	0.399151865752126	0.424963242729946	0.410870173809711	0.716423905941895	0.44379992973972
"PTA"	-0.0157396269655976	0.124947869128707	0.259103095035913	-0.592353558977043	-0.0971629962366496	-0.499600262427197	-0.0469873760673423	-0.558043085488507	-0.364857611336763	-0.519715482775043	-0.837358333392821	-0.0367888948684207	0.00835477225431625	-0.118807915103318	0.0792286230716179	0.150055736461665	0.0865536419409487	0.370204167241054	0.0705077647508112
"PTL-I"	2.75892217904898	2.21915364556809	1.06194005812197	3.42748843809032	0.30919856806439	0.159571532860738	1.39556797284604	1.06760235953678	0.362051594900732	1.74744096176078	0.344598841474718	2.74517993196057	2.41948764832281	2.17487090279455	2.28437700419946	2.01486025402003	2.43704811584389	2.60737293701413	2.27295901108584
"PTL-II"	0.386626825629472	-0.254315641052044	0.111680770676164	0.584974160802531	0.0829876106916956	0.104135176260522	0.466667455552969	-0.193486131107536	0.708526023442369	-0.613639570667056	-0.173072381481013	-0.242136507124261	0.28902028059483	-0.36799045256574	0.172187269080982	0.222242474907713	0.463739578213307	0.110267925925237	-0.056817601482031
"RCA (fridge)"	0.429804909686437	-0.177077464548669	0.838666391098766	0.743747401825477	0.112223662272752	0.576556318873562	0.148020519082008	0.2914390958589	0.580566904315452	-0.0227361571747942	-0.166845345681764	0.569246142933734	-0.0539444713706185	0.123020857662466	0.346502029081453	0.224939177144828	0.520183445506635	-0.248930626742881	0.245653368910347
"Ricin B Chain (Fridge)"	0.559792434711863	0.132862680193311	0.924776773850665	1.40107999594981	1.44691634904212	1.02370108796792	0.871035555067522	1.06768087986636	1.34307726084631	1.14187015931686	1.28228933665805	1.89987109474964	-0.0596863681790083	0.376960175977759	0.495420413461547	0.429484283411389	0.117323429722109	0.439262464494792	0.441901296422751
"RPA"	-0.00037739368307399	0.0453635331717752	0.256549851646458	-0.248458533550949	0.251323028415229	-0.122128760924484	0.236677021401796	-0.00643653419442636	-0.0126628895371752	0.12232503164941	-0.15206457670824	-0.301180247488208	0.105908848752513	0.118225291129017	-0.128351430074362	0.119501427864327	0.0312398688370958	0.139941181383167	0.123958594959769
"SBA"	0.296720019124507	-0.0286576460223742	0.304717279678639	0.290870450007692	0.407319677690198	0.0733424865491727	0.433281354212784	0.448489003818489	0.646165193710196	0.0051227076063558	0.172881950459736	0.149304694441437	0.330911115735161	0.0725229662741764	0.119706089678788	0.345861288133769	0.306773606640336	0.208491549956506	0.255274242793094
"SJA"	-0.168110252146329	-0.0167894023237505	-0.637041125274809	-0.289429819567181	-0.0874911136798211	-0.483366585326857	-0.205692459848242	-0.229016644573363	-0.176497103607677	-0.262522144460444	-0.208052969056837	-0.734885277221391	0.00191047340631201	-0.267154155715465	-0.205849780031159	0.0202823226279509	-0.193079148596491	0.127283318223796	-0.0942024721294086
"SNA"	-0.12343288040803	-0.403149659992478	0.0952217123720072	-0.178996834532523	-0.370949659288746	-0.314240663428112	-0.393835558803268	-0.600516457890265	-0.196306924857453	-0.322123584552239	-0.242713753318862	0.962698613388863	-0.501649579122491	-0.0727868520033024	-0.263588905063168	-0.126916197989098	-0.199095777171728	-0.370532296473414	-0.151240752617916
"SNA-II"	-0.332180703574551	-0.0808473154361291	-0.167896408861761	-0.643191251296917	-0.907713688574788	-1.12065158688458	-0.594298970482917	-0.758829386589369	-0.563965656011005	-0.305236141358304	-0.192029171314568	0.43306384140852	-0.481697278326166	0.201404828154487	-0.279665189262618	0.526749569484069	-0.20032767024942	-0.451155552600406	-0.0296108074252288
"SPM 10 Sialyl Lewis A"	0.619491497390923	0.360799045041253	-0.0014577364565671	-0.0514830071352304	0.409349074639607	-0.0592296999895705	-0.232505411301254	0.127359883270463	0.154346481918219	0.169893705438378	-0.0395330235558404	2.18562111300456	0.267108266308385	0.27026213332746	1.40314803932588	0.867298872818015	0.258237668074583	0.253851505475289	-0.115212487568808
"STA"	0.207358521844238	-0.196952403651309	-0.308127965380125	-0.00747327701911615	-0.802976980250881	-0.579074585595325	0.493843247877779	-0.564736583654582	0.163716808029257	-0.392288229370989	-0.625184798699506	0.218239977473093	-0.00426305642603886	0.260741485771245	0.30746653772648	0.305892740238821	0.275507857687012	-0.0690612424881358	0.0991306105485972
"SVN"	-0.620781400125916	-0.353388860328645	0.42103379714151	-0.869690523455837	0.259985832210843	0.113771094248529	-1.17742441133662	-0.94105064336788	-1.05812894549085	-1.24128406306576	-1.33181960926067	-0.122516743795236	-0.901835635519539	-0.89963464553726	-0.620263699271874	-0.556181289230899	-0.75322985938687	-0.757164825364736	-0.562407180182396
"TJA-I"	0.324711387978578	-0.0396708762678415	0.300054560147739	0.151395229997057	-0.351519167681808	0.0925379994886182	-0.0966902478690379	-0.268692316225545	0.0889435826201073	-0.231065574108843	-0.515190735250521	0.901946365459199	-0.11150760135884	0.181073077904205	0.425629532166848	0.397334473291293	0.549814560764256	-0.00302178229268613	0.31845365822125
"TJA-II"	0.120869507762064	-0.185671058828962	-0.0561580195115035	0.36934239103496	-0.283395072614331	-0.134934135546287	0.0451859608223479	-0.255252235271017	0.342954659977702	-0.394148150743368	-0.538416966498659	0.318576785790611	-0.0927044781120525	-0.0199383963169932	0.231916896256429	0.0140424125792666	0.295367258793894	-0.186328455806494	0.16784149877315
"TL"	0.00229799513618545	-0.283424093450062	-0.140706950147225	-0.00111184176274115	-0.0395388275249129	-0.282810170164806	-0.0481872718761007	0.0602627664990099	-0.24383366060135	-0.296660939605115	0.0126885232580261	-0.206115938300799	0.135458980575256	-0.116570582402277	-0.252131437901673	0.0198907849289309	-0.122772337446797	-0.186615039656147	-0.0629844378682609
"UDA"	-0.119814713197947	-0.226328497694833	0.929678696030161	-0.416301371047199	0.545210594173739	0.482621103720708	-0.716592676176504	-0.533898188502008	-0.659991901182856	-0.734829844355499	-0.863173975845424	0.335669324722645	-0.354244133494444	-0.728821555241229	-0.173601647442403	-0.29587350378212	-0.330638095191368	-0.649171829900588	-0.283389569293771
"UEA-I"	0.339122904881398	-0.25776405299462	-0.203031670774598	0.0932421869896434	0.105923401561254	-0.00106474532345757	0.494314983145353	-0.199655967203622	-0.76808784306865	6.17602916463244	-2.81060950382422	-0.373206846150657	0.406858047472166	-0.231749127379898	0.153304817464861	-0.144268292645357	0.797701300873436	0.354152797147782	0.242436770728936
"UEA-II"	0.605725516516092	0.628197461333116	0.332449985319125	0.0159638723688733	-0.0068065316110868	-0.18822460953754	-0.0789390816979889	-0.287436697102191	0.170160890356568	-0.196648967158774	-0.478096001554947	0.0961499770435026	0.484730793563031	0.41639334209289	0.476388365437817	0.610213440950899	0.561976476951346	0.640278307930423	0.478247964019474
"VFA"	-0.914728648307523	-0.674231862449732	-0.845022431081123	-1.05321492230688	-0.58249229030908	-0.946594887816269	-0.785340199869271	-0.71964765048857	-0.680935899429173	-0.839194052598703	-0.87361393083167	-1.34304225160222	-0.673178181172794	-0.866375349546587	-1.09793562691867	-1.09385286060389	-0.539198049732521	-0.666478471475342	-0.910956121899702
"VVA"	-0.807002477341397	-1.20747784683988	-0.904019334622808	-0.594141445067573	-0.159821984757459	-0.556564931314059	-0.458215106478054	-0.154257275345707	-0.290380703718586	-0.196575456852029	-0.0448736968966639	-0.188920822890815	-0.621731078019724	-0.892754946605621	-1.20026535255804	-0.670210550047772	-0.79805814853956	-0.781234178166649	-0.816061483191625
"VVA (mann) "	-0.621545961197489	-0.539240192240923	-0.631769751027282	-0.572033647502423	-0.20882225908495	-0.612671178667164	-0.507470297266872	-0.240801841634797	-0.358781072669357	-0.491673766989146	-0.147901934584546	-0.243686417676072	-0.491770119067898	-0.685383518143979	-0.891194122090178	-0.69559231735125	-0.576467226314176	-0.475671570232763	-0.605060717746202
"WFA"	0.350385836806492	-0.202125861361376	0.164326974740288	0.0719769567886814	-0.316453169924753	0.186663417200611	0.107895180840622	-0.112150933932295	0.175372110052328	0.143081471407241	-0.667713867137888	-0.22282277930166	-0.159337948034384	-0.349408386689166	0.190715887540918	-0.254245451387536	-0.0648367536782715	0.195947447984103	0.166999022827412
"WGA_EY"	0.240787528454719	0.0826481565349404	0.919618166059937	0.731470170744911	0.255264126067862	0.449966174316071	0.40259789829534	0.291553497016883	0.618732056120178	0.27353569233299	0.226568472937583	1.60816374308432	-0.193667713193411	0.196040245014231	0.348681213578123	0.258236928407758	0.471258611825233	-0.226434131151482	0.25172481128269
"WGA_V"	0.163205124082412	0.0471462697625711	0.859626502827043	0.820213282364547	0.275126795940915	0.477332301632297	0.299164481838565	0.210096507197544	0.494261668546205	0.209025612795578	0.138158531851628	1.58219769416979	-0.221526747120507	0.221895765537191	0.299065209390289	0.21369839219515	0.395312218922735	-0.0569151674600867	0.133733320533015
